	stockDate	high	low	open	close	volume
	2012-05-18	45	38	42.05	38.23	573576000
	2012-05-21	36.66	33	36.53	34.03	168193000
	2012-05-22	33.59	30.94	32.61	31	101787000
	2012-05-23	32.5	31.36	31.37	32	73600000
	2012-05-24	33.21	31.77	32.95	33.03	50237200
	2012-05-25	32.95	31.11	32.9	31.91	37149800
	2012-05-29	31.69	28.65	31.48	28.84	78063400
	2012-05-30	29.55	27.86	28.7	28.19	57267900
	2012-05-31	29.67	26.83	28.55	29.6	111639000
	2012-06-01	29.15	27.39	28.89	27.72	41855500
	2012-06-04	27.65	26.44	27.2	26.9	35230300
	2012-06-05	27.76	25.75	26.7	25.87	42473400
	2012-06-06	27.17	25.52	26.07	26.81	61489200
	2012-06-07	27.35	26.15	27	26.31	26159500
	2012-06-08	27.76	26.44	26.55	27.1	38034000
	2012-06-11	28.07	26.84	27.18	27.01	28219600
	2012-06-12	27.77	26.96	27.48	27.4	15816800
	2012-06-13	28.1	27.1	27.66	27.27	17102800
	2012-06-14	28.32	27.38	27.65	28.29	16855000
	2012-06-15	30.1	28.35	28.51	30.01	43563800
	2012-06-18	32.08	29.41	29.96	31.41	42978900
	2012-06-19	32.18	30.7	31.54	31.91	30849000
	2012-06-20	31.93	31.15	31.92	31.6	15553600
	2012-06-21	32.5	31.51	31.67	31.84	21875300
	2012-06-22	33.45	32.06	32.41	33.05	74834000
	2012-06-25	33.02	31.55	32.86	32.06	24352900
	2012-06-26	33.44	32.5	32.69	33.1	24858700
	2012-06-27	32.9	31.9	32.46	32.23	28568000
	2012-06-28	32.19	30.9	31.96	31.36	17713300
	2012-06-29	31.99	30.76	31.92	31.1	19526900
	2012-07-02	31.73	30.55	31.25	30.77	14122000
	2012-07-03	31.44	30.8	30.91	31.2	8763600
	2012-07-05	31.63	31.02	31.32	31.47	10032100
	2012-07-06	31.9	31.26	31.44	31.73	10945600
	2012-07-09	32.88	31.99	32.1	32.17	17785200
	2012-07-10	32.48	31.16	32.43	31.47	14269500
	2012-07-11	31.56	30.55	31.48	30.97	13030300
	2012-07-12	31.4	30.6	30.7	30.81	11300700
	2012-07-13	31.07	30.56	31.04	30.72	8108300
	2012-07-16	30.5	28.21	30.5	28.25	24672100
	2012-07-17	28.59	27.15	28.48	28.09	30438600
	2012-07-18	29.29	28.15	28.31	29.11	16841800
	2012-07-19	29.5	28.63	29.41	29	13685100
	2012-07-20	29.47	28.72	29	28.76	11869100
	2012-07-23	29	28.01	28.12	28.75	12390700
	2012-07-24	29.45	28.1	28.82	28.45	11539800
	2012-07-25	29.49	28.08	28.39	29.34	17230200
	2012-07-26	28.23	26.73	27.75	26.85	64597400
	2012-07-27	24.54	22.28	23.19	23.71	123102000
	2012-07-30	24.04	23.03	24	23.15	29285900
	2012-07-31	23.37	21.61	23.37	21.71	56179400
	2012-08-01	21.58	20.84	21.5	20.88	44604400
	2012-08-02	20.84	19.82	20.77	20.04	56374500
	2012-08-03	22.16	19.9	20.36	21.09	80647000
	2012-08-06	22.15	21.3	21.39	21.92	27778900
	2012-08-07	22.45	20.5	22.2	20.72	36782900
	2012-08-08	21.15	20.22	20.71	20.72	29537400
	2012-08-09	21.17	20.61	20.75	21.01	15610700
	2012-08-10	21.82	21.13	21.41	21.81	25794700
	2012-08-13	22.45	21.4	22.15	21.6	24973100
	2012-08-14	21.6	20.25	21.41	20.38	39308800
	2012-08-15	21.41	20.4	20.64	21.2	47861100
	2012-08-16	20.48	19.69	20.44	19.87	157565000
	2012-08-17	20.08	19	20.01	19.05	129293000
	2012-08-20	20.13	18.75	19.05	20.01	101187000
	2012-08-21	19.98	19.09	19.58	19.16	70640600
	2012-08-22	19.53	18.96	19.36	19.44	49892200
	2012-08-23	19.73	19.36	19.5	19.44	32813700
	2012-08-24	19.68	19.25	19.52	19.41	29622200
	2012-08-27	19.53	19.1	19.49	19.15	20704000
	2012-08-28	19.38	18.95	19.1	19.34	25417000
	2012-08-29	19.38	19.07	19.32	19.1	16124700
	2012-08-30	19.45	19.06	19.27	19.09	30647500
	2012-08-31	18.7	18.03	18.68	18.06	58764200
	2012-09-04	18.27	17.55	18.08	17.73	46622400
	2012-09-05	18.75	18.18	18.27	18.58	60781800
	2012-09-06	19.26	18.72	18.74	18.96	46066500
	2012-09-07	19.42	18.78	19.1	18.98	36371700
	2012-09-10	19.2	18.55	19.06	18.81	24797800
	2012-09-11	19.58	18.85	18.92	19.43	50508200
	2012-09-12	21.16	20.28	20.76	20.93	121584000
	2012-09-13	21.48	20.61	20.96	20.71	65041600
	2012-09-14	22.08	20.9	21.13	22	72819800
	2012-09-17	22.75	21.5	22.67	21.52	50667600
	2012-09-18	21.98	21.37	21.6	21.87	36760500
	2012-09-19	23.37	21.77	21.99	23.29	78782800
	2012-09-20	23.24	22.54	23.02	22.59	57248900
	2012-09-21	23.24	22.6	22.97	22.86	51218100
	2012-09-24	21.98	20.36	21.78	20.79	79106500
	2012-09-25	21.21	20.22	21.2	20.28	46291700
	2012-09-26	20.78	19.8	20.15	20.62	38271900
	2012-09-27	21	20.16	20.99	20.32	30215900
	2012-09-28	21.95	20.5	20.57	21.66	65486000
	2012-10-01	22.59	21.73	22.08	21.99	51262700
	2012-10-02	22.49	21.82	22.08	22.27	29341400
	2012-10-03	22.49	21.8	22.3	21.83	32000100
	2012-10-04	22.4	21.41	22.32	21.95	46892100
	2012-10-05	21.63	20.88	21.49	20.91	40529300
	2012-10-08	20.75	20.16	20.4	20.4	32236700
	2012-10-09	20.55	19.97	20.39	20.23	27161800
	2012-10-10	19.94	19.45	19.93	19.64	39321800
	2012-10-11	19.96	19.61	19.88	19.75	21817300
	2012-10-12	19.8	19.48	19.75	19.52	18809400
	2012-10-15	19.88	19.49	19.68	19.52	20189700
	2012-10-16	19.69	19.3	19.68	19.48	21834700
	2012-10-17	20.48	19.37	19.5	19.88	44074500
	2012-10-18	19.79	18.89	19.7	18.98	52157400
	2012-10-19	19.06	18.8	19	19	34835000
	2012-10-22	19.43	19.05	19.2	19.32	32447300
	2012-10-23	19.8	19.1	19.25	19.5	78381200
	2012-10-24	24.25	22.85	24.13	23.23	228950000
	2012-10-25	23.31	22.47	23.29	22.56	76142000
	2012-10-26	22.88	21.88	22.4	21.94	73175800
	2012-10-31	21.5	20.73	20.82	21.11	99378200
	2012-11-01	21.44	21.01	21.08	21.21	37713900
	2012-11-02	21.69	21.07	21.26	21.18	38344400
	2012-11-05	21.48	20.92	21.1	21.25	31806700
	2012-11-06	21.37	20.99	21.24	21.17	29062700
	2012-11-07	20.95	20.37	20.85	20.47	33396800
	2012-11-08	20.73	19.98	20.52	19.99	34254600
	2012-11-09	20	19.13	19.96	19.21	42295500
	2012-11-12	20.17	18.87	19.15	20.07	67349200
	2012-11-13	20.11	19.56	19.61	19.86	71775100
	2012-11-14	22.5	19.93	20.1	22.36	229751000
	2012-11-15	22.5	21.65	22.34	22.17	78857700
	2012-11-16	23.93	22.18	22.25	23.56	107182000
	2012-11-19	24.12	22.82	23.96	22.92	85021300
	2012-11-20	23.9	22.7	22.73	23.1	46655300
	2012-11-21	24.53	23.05	23.22	24.32	89862400
	2012-11-23	24.68	23.88	24.58	24	29520900
	2012-11-26	26.09	24.81	24.94	25.94	123865000
	2012-11-27	26.5	25.46	26.04	26.15	85760600
	2012-11-28	26.49	25.75	25.94	26.36	49205600
	2012-11-29	27.52	26.16	26.5	27.32	88759700
	2012-11-30	28	26.76	27.26	28	127050000
	2012-12-03	28.88	26.98	28	27.04	123526000
	2012-12-04	27.76	26.68	27.06	27.46	72869200
	2012-12-05	27.9	27.26	27.75	27.71	58976300
	2012-12-06	27.75	26.82	27.68	26.97	46001500
	2012-12-07	27.78	26.84	27.07	27.49	51751900
	2012-12-10	28.17	27.1	27.17	27.84	50608500
	2012-12-11	28.24	27.66	28.07	27.98	77099100
	2012-12-12	28.14	27.37	28	27.58	46704200
	2012-12-13	28.75	27.43	27.59	28.24	81051600
	2012-12-14	28.33	26.76	28.18	26.81	91631600
	2012-12-17	27	26.32	26.77	26.75	57742500
	2012-12-18	27.91	26.9	26.96	27.71	60512900
	2012-12-19	28.22	26.95	27.83	27.41	61390300
	2012-12-20	27.6	27.13	27.49	27.36	35574800
	2012-12-21	27.01	26.12	26.66	26.26	54555200
	2012-12-24	26.96	26.2	26.5	26.93	28230100
	2012-12-26	27.18	26.38	27.03	26.51	33175400
	2012-12-27	26.8	25.52	26.55	26.05	43481700
	2012-12-28	26.11	25.15	25.48	25.91	56574800
	2012-12-31	26.99	26.11	26.2	26.62	60374500
	2013-01-02	28.18	27.42	27.44	28	69846400
	2013-01-03	28.47	27.59	27.88	27.77	63140600
	2013-01-04	28.93	27.83	28.01	28.76	72715400
	2013-01-07	29.79	28.65	28.69	29.42	83781800
	2013-01-08	29.6	28.86	29.51	29.06	45871300
	2013-01-09	30.6	29.49	29.67	30.59	104788000
	2013-01-10	31.45	30.28	30.6	31.3	95316400
	2013-01-11	31.96	31.1	31.28	31.72	89598000
	2013-01-14	32.21	30.62	32.08	30.95	98892800
	2013-01-15	31.71	29.88	30.64	30.1	173243000
	2013-01-16	30.35	29.53	30.21	29.85	75332700
	2013-01-17	30.42	30.03	30.08	30.14	40256700
	2013-01-18	30.44	29.27	30.31	29.66	49631500
	2013-01-22	30.89	29.74	29.75	30.73	55243300
	2013-01-23	31.5	30.8	31.1	30.82	48899800
	2013-01-24	31.49	30.81	31.27	31.08	43845100
	2013-01-25	31.93	31.13	31.41	31.54	54363600
	2013-01-28	32.51	31.81	31.88	32.47	59682500
	2013-01-29	32.07	30.71	32	30.79	72976500
	2013-01-30	31.49	30.88	30.98	31.24	87682100
	2013-01-31	31.47	28.74	29.15	30.98	190745000
	2013-02-01	31.02	29.63	31.01	29.73	85856700
	2013-02-04	29.2	28.01	29.06	28.11	92362200
	2013-02-05	28.96	28.04	28.26	28.64	47948200
	2013-02-06	29.29	28.66	28.74	29.05	38375900
	2013-02-07	29.15	28.27	29.11	28.65	34540100
	2013-02-08	29.17	28.51	28.89	28.55	37708800
	2013-02-11	28.68	28.04	28.61	28.26	37361800
	2013-02-12	28.16	27.1	27.67	27.37	93498700
	2013-02-13	28.32	27.31	27.36	27.91	50164000
	2013-02-14	28.63	28.01	28.02	28.5	35615800
	2013-02-15	28.75	28.09	28.52	28.32	33109300
	2013-02-19	29.08	28.12	28.23	28.93	49396400
	2013-02-20	29.05	28.33	28.92	28.46	42098200
	2013-02-21	28.55	27.15	28.28	27.28	49642300
	2013-02-22	27.63	26.82	27.62	27.13	36350200
	2013-02-25	27.64	27.15	27.16	27.27	34652000
	2013-02-26	27.46	26.7	27.36	27.39	31611700
	2013-02-27	27.34	26.63	27.34	26.87	44319700
	2013-02-28	27.3	26.34	26.84	27.25	83027800
	2013-03-01	28.12	26.81	27.05	27.78	54064800
	2013-03-04	28.06	27.44	27.76	27.72	32400700
	2013-03-05	28.18	27.21	27.88	27.52	40622200
	2013-03-06	28.13	27.35	28.1	27.45	33532600
	2013-03-07	28.68	27.47	27.57	28.58	74540200
	2013-03-08	28.47	27.73	28.43	27.96	44198900
	2013-03-11	28.64	27.83	28.01	28.14	35642100
	2013-03-12	28.32	27.6	28.1	27.83	27569600
	2013-03-13	27.65	26.92	27.62	27.08	39619500
	2013-03-14	27.43	26.83	27.1	27.04	27646400
	2013-03-15	27.06	26.56	27.03	26.65	31597400
	2013-03-18	26.79	25.78	26.37	26.49	26653700
	2013-03-19	26.9	26.21	26.53	26.55	25254200
	2013-03-20	26.69	25.78	26.68	25.86	44006500
	2013-03-21	26.11	25.56	25.66	25.74	24336100
	2013-03-22	26.01	25.63	25.8	25.73	18456300
	2013-03-25	25.8	25.08	25.75	25.13	39199000
	2013-03-26	25.48	25.03	25.08	25.21	26957200
	2013-03-27	26.28	24.72	25	26.09	52297400
	2013-03-28	26.17	25.52	26.09	25.58	28585700
	2013-04-01	25.89	25.28	25.63	25.53	22249300
	2013-04-02	26.12	25.3	25.77	25.42	35153300
	2013-04-03	26.39	25.7	25.83	26.25	48195200
	2013-04-04	27.23	26.11	26.62	27.07	82016800
	2013-04-05	27.8	26.61	26.86	27.39	64566600
	2013-04-08	27.2	26.63	27.19	26.85	27256000
	2013-04-09	26.89	26.42	26.58	26.59	21311100
	2013-04-10	27.84	26.9	27.01	27.57	45949400
	2013-04-11	28.1	27.25	27.48	28.02	33368500
	2013-04-12	28	27.24	28	27.4	28697400
	2013-04-15	27.48	26.36	27.16	26.52	30275400
	2013-04-16	27.11	26.4	26.81	26.92	27365900
	2013-04-17	27.2	26.39	26.65	26.63	26440600
	2013-04-18	26.82	25.15	26.82	25.69	39059000
	2013-04-19	25.96	25.33	25.62	25.73	20380900
	2013-04-22	26.36	25.7	25.81	25.97	25687600
	2013-04-23	26.33	25.77	26.22	25.98	25191500
	2013-04-24	26.4	25.8	25.93	26.11	19729900
	2013-04-25	26.4	26	26.07	26.14	17150000
	2013-04-26	27.62	26.6	26.6	26.85	33018000
	2013-04-29	27.41	26.86	27.16	26.98	29201100
	2013-04-30	27.85	27.01	27.13	27.77	36245700
	2013-05-01	27.92	27.31	27.85	27.43	64567600
	2013-05-02	29.02	27.98	28.01	28.97	104257000
	2013-05-03	29.07	28.15	29.04	28.31	58506400
	2013-05-06	28.46	27.48	28.33	27.57	43939400
	2013-05-07	27.85	26.85	27.55	26.89	41259100
	2013-05-08	27.3	26.65	26.88	27.12	34654900
	2013-05-09	27.55	26.85	27.08	27.04	33457200
	2013-05-10	27.3	26.57	27.14	26.68	30847100
	2013-05-13	27.33	26.53	26.6	26.82	29068800
	2013-05-14	27.28	26.82	26.89	27.07	24930300
	2013-05-15	26.99	26.4	26.92	26.6	30299800
	2013-05-16	26.55	25.9	26.48	26.13	35499100
	2013-05-17	26.6	26.2	26.4	26.25	29462700
	2013-05-20	26.19	25.69	26.18	25.76	42402900
	2013-05-21	26.08	25.59	25.87	25.66	26261300
	2013-05-22	25.85	24.92	25.65	25.16	45314500
	2013-05-23	25.53	24.77	24.8	25.06	37663100
	2013-05-24	24.97	24.08	24.97	24.31	58727900
	2013-05-28	24.54	23.92	24.54	24.1	50079700
	2013-05-29	23.81	23.26	23.79	23.32	64237800
	2013-05-30	24.78	23.93	24.13	24.55	60733200
	2013-05-31	24.95	24.27	24.63	24.35	35925000
	2013-06-03	24.32	23.71	24.27	23.85	35733800
	2013-06-04	23.93	23.32	23.89	23.52	34760800
	2013-06-05	23.71	22.79	23.35	22.9	53819700
	2013-06-06	23.09	22.67	22.99	22.97	31260700
	2013-06-07	23.4	22.86	23.03	23.29	38699200
	2013-06-10	24.6	23.99	24.06	24.33	58393000
	2013-06-11	24.35	24	24.03	24.03	29885900
	2013-06-12	24.26	23.58	24.16	23.77	26445800
	2013-06-13	23.83	23.27	23.72	23.73	31189300
	2013-06-14	23.89	23.26	23.56	23.63	30677100
	2013-06-17	24.25	23.75	23.91	24.02	33664500
	2013-06-18	24.69	24.08	24.09	24.21	36709100
	2013-06-19	25.19	24.1	24.2	24.31	31790600
	2013-06-20	24.75	23.65	24.28	23.9	42765600
	2013-06-21	24.7	24.05	24.59	24.53	45833900
	2013-06-24	24.11	23.38	23.95	23.94	40626000
	2013-06-25	24.43	24.04	24.14	24.25	24713200
	2013-06-26	24.65	23.99	24.51	24.16	29890300
	2013-06-27	24.84	24.21	24.24	24.66	34694100
	2013-06-28	24.98	24.42	24.68	24.88	96778900
	2013-07-01	25.06	24.62	24.97	24.81	20582200
	2013-07-02	24.77	24.3	24.7	24.41	18394100
	2013-07-03	24.71	24.15	24.22	24.52	10404400
	2013-07-05	24.66	24.2	24.65	24.37	20229500
	2013-07-08	25.04	24.42	24.47	24.71	27064600
	2013-07-09	25.49	25.03	25.07	25.48	30387900
	2013-07-10	25.83	25.47	25.58	25.8	26721800
	2013-07-11	26	25.45	25.96	25.81	26777400
	2013-07-12	25.93	25.55	25.74	25.91	16537900
	2013-07-15	26.43	25.65	25.93	26.28	24234000
	2013-07-16	26.75	26.01	26.39	26.32	30817600
	2013-07-17	26.78	26.3	26.37	26.65	21518500
	2013-07-18	26.77	26.12	26.75	26.18	24806900
	2013-07-19	26.11	25.6	25.82	25.88	46539700
	2013-07-22	26.13	25.72	25.99	26.05	27526300
	2013-07-23	26.3	25.97	26.1	26.13	28221600
	2013-07-24	26.53	26.05	26.32	26.51	82635600
	2013-07-25	34.88	32.75	33.54	34.36	365458000
	2013-07-26	34.73	33.56	33.77	34.01	136029000
	2013-07-29	35.63	34.01	34.07	35.43	124719000
	2013-07-30	37.96	35.32	35.65	37.63	173583000
	2013-07-31	38.31	36.33	37.96	36.8	154829000
	2013-08-01	38.29	36.92	37.3	37.49	106066000
	2013-08-02	38.49	37.5	37.66	38.05	73058500
	2013-08-05	39.32	38.25	38.43	39.19	79994800
	2013-08-06	39.25	37.94	39.11	38.55	63950800
	2013-08-07	38.94	37.7	38.61	38.87	68854800
	2013-08-08	39.19	38.43	39.13	38.54	41301000
	2013-08-09	38.74	38.01	38.59	38.5	43532300
	2013-08-12	38.5	38.1	38.2	38.22	31161000
	2013-08-13	38.32	36.77	38.24	37.02	65379200
	2013-08-14	37.55	36.62	36.83	36.65	48423900
	2013-08-15	37.07	36.02	36.36	36.56	56521100
	2013-08-16	37.49	36.9	36.97	37.08	45840800
	2013-08-19	38.28	37.14	37.43	37.81	57609600
	2013-08-20	38.58	37.69	38.35	38.41	57995200
	2013-08-21	38.85	38.15	38.38	38.32	46116900
	2013-08-22	38.75	38.34	38.37	38.55	21931200
	2013-08-23	40.63	38.93	39	40.55	86442300
	2013-08-26	41.94	40.62	40.9	41.34	94162400
	2013-08-27	41.2	39.42	40.68	39.64	72695100
	2013-08-28	40.85	39.88	39.96	40.55	57918200
	2013-08-29	41.78	40.8	40.89	41.28	58303400
	2013-08-30	42.26	41.06	42.02	41.29	67735100
	2013-09-03	42.16	41.51	41.84	41.87	48774900
	2013-09-04	42.17	41.44	42.01	41.78	42581900
	2013-09-05	42.77	41.77	41.79	42.66	50035400
	2013-09-06	44.61	42.4	43.09	43.95	117536000
	2013-09-09	44.79	43.7	44.36	44.04	75794700
	2013-09-10	44.26	43.23	44.24	43.6	54540300
	2013-09-11	45.09	43.11	43.39	45.04	72328300
	2013-09-12	45.62	44.65	45.53	44.75	68072300
	2013-09-13	45.08	43.93	45.04	44.31	52765300
	2013-09-16	44.94	42.43	44.85	42.51	70424200
	2013-09-17	45.44	42.43	42.5	45.07	91934600
	2013-09-18	45.47	44.4	44.84	45.23	79317000
	2013-09-19	46.05	45.23	45.51	45.98	63972400
	2013-09-20	47.6	45.74	46.32	47.49	115508000
	2013-09-23	47.55	46.29	47.28	47.19	75177000
	2013-09-24	49.66	48.16	48.51	48.45	136716000
	2013-09-25	49.54	48.46	49.23	49.46	87879700
	2013-09-26	50.6	49.5	50.01	50.39	98220100
	2013-09-27	51.28	49.86	50.29	51.24	81410500
	2013-09-30	51.6	49.8	50.14	50.23	100095000
	2013-10-01	51.03	49.45	49.97	50.42	98114000
	2013-10-02	51.1	49.95	50.13	50.28	62834000
	2013-10-03	50.72	49.06	50.47	49.18	82045000
	2013-10-04	51.16	49.57	49.77	51.04	74447000
	2013-10-07	51.29	50.4	50.73	50.52	57204000
	2013-10-08	50.6	47.08	50.6	47.14	136081000
	2013-10-09	47.84	45.26	47.38	46.77	147297000
	2013-10-10	49.68	47.83	47.87	49.05	99774000
	2013-10-11	49.87	48.79	49.18	49.11	58428000
	2013-10-14	49.63	47.91	48.31	49.51	68781000
	2013-10-15	51	49.18	49.99	49.5	81167000
	2013-10-16	51.24	49.9	50.04	51.14	64678000
	2013-10-17	52.22	50.95	51.12	52.21	71522000
	2013-10-18	54.83	53.6	54.18	54.22	88260000
	2013-10-21	54.81	53.51	54.68	53.85	58235000
	2013-10-22	54.76	52.2	54.33	52.68	83204000
	2013-10-23	52.25	51.13	51.75	51.9	57207000
	2013-10-24	52.84	51.59	52.38	52.45	46775000
	2013-10-25	53.24	51.88	53.18	51.95	45085000
	2013-10-28	51.7	49.61	51.54	50.23	73472000
	2013-10-29	50.79	49.25	50.73	49.4	102143000
	2013-10-30	50.21	48.75	50	49.01	127073000
	2013-10-31	52	46.5	47.16	50.21	248809000
	2013-11-01	52.09	49.72	50.85	49.75	95033000
	2013-11-04	49.75	48.02	49.37	48.22	80371000
	2013-11-05	50.18	47.51	47.79	50.11	76835000
	2013-11-06	50.45	48.71	50.26	49.12	67889000
	2013-11-07	49.87	47.3	49.24	47.56	97128000
	2013-11-08	48.65	47.25	47.81	47.53	70731000
	2013-11-11	47.53	45.73	47.04	46.2	80910000
	2013-11-12	47.37	45.83	46	46.61	68196000
	2013-11-13	48.74	46.06	46.23	48.71	79245000
	2013-11-14	49.57	48.03	48.7	48.99	75117000
	2013-11-15	49.48	48.71	49.11	49.01	42453000
	2013-11-18	48.84	45.8	48.47	45.83	85910000
	2013-11-19	47	45.72	46.26	46.36	75602000
	2013-11-20	47.55	46.31	46.61	46.43	53933000
	2013-11-21	47.46	46.69	46.99	46.7	34886000
	2013-11-22	47.27	45.96	47.04	46.23	40545000
	2013-11-25	46.65	44.04	46.36	44.82	82565000
	2013-11-26	46.17	43.55	44.66	45.89	82016000
	2013-11-27	46.67	45.53	45.97	46.49	44993000
	2013-11-29	47.21	46.5	46.75	47.01	22953900
	2013-12-02	47.54	46.26	46.9	47.06	50774000
	2013-12-03	47.2	46.29	46.75	46.73	32086000
	2013-12-04	48.77	46.26	46.46	48.62	60890000
	2013-12-05	48.7	47.87	48.15	48.34	43855000
	2013-12-06	49.39	47.71	48.98	47.94	42938000
	2013-12-09	48.97	47.74	48.09	48.84	36056000
	2013-12-10	50.77	48.54	48.64	50.25	68479000
	2013-12-11	50.77	49.01	50.55	49.38	65776000
	2013-12-12	52.07	50.66	51.05	51.83	92723000
	2013-12-13	53.5	51.34	51.66	53.32	82641000
	2013-12-16	54.5	52.91	53.25	53.81	85119000
	2013-12-17	55.18	54.24	54.76	54.86	78751000
	2013-12-18	55.89	53.75	54.86	55.57	76003000
	2013-12-19	55.19	53.95	54.33	55.05	89753200
	2013-12-20	55.15	54.23	54.93	55.12	239824000
	2013-12-23	58.32	55.45	55.5	57.77	98297000
	2013-12-24	58.58	56.91	58.27	57.96	46617800
	2013-12-26	58.38	57.37	58.32	57.73	55101000
	2013-12-27	57.68	55.25	57.48	55.44	60466000
	2013-12-30	55.18	53.43	54.93	53.71	68307000
	2013-12-31	54.86	53.91	54.12	54.65	43076200
	2014-01-02	55.22	54.19	54.83	54.71	43195500
	2014-01-03	55.65	54.53	55.02	54.56	38246200
	2014-01-06	57.26	54.05	54.42	57.2	68852600
	2014-01-07	58.55	57.22	57.7	57.92	77207400
	2014-01-08	58.41	57.23	57.6	58.23	56682400
	2014-01-09	58.96	56.65	58.65	57.22	92253300
	2014-01-10	58.3	57.06	57.13	57.94	42449500
	2014-01-13	58.25	55.38	57.91	55.91	63010900
	2014-01-14	57.78	56.1	56.46	57.74	37503600
	2014-01-15	58.57	57.27	57.98	57.6	33663400
	2014-01-16	58.02	56.83	57.26	57.19	34541800
	2014-01-17	57.82	56.07	57.3	56.3	40849200
	2014-01-21	58.58	56.5	56.6	58.51	48669200
	2014-01-22	59.31	57.1	58.85	57.51	61352900
	2014-01-23	56.68	55.69	56.37	56.63	47951800
	2014-01-24	56.42	54.4	56.15	54.45	55200700
	2014-01-27	54.94	51.85	54.73	53.55	73924100
	2014-01-28	55.28	54	54.02	55.14	48191200
	2014-01-29	54.95	53.19	54.61	53.53	92995600
	2014-01-30	62.5	60.46	62.12	61.08	150179000
	2014-01-31	63.37	60.17	60.47	62.57	87794600
	2014-02-03	63.77	60.7	63.03	61.48	74866600
	2014-02-04	63.14	61.82	62.05	62.75	45985500
	2014-02-05	63.16	61.27	62.74	62.19	51685100
	2014-02-06	62.78	61.46	61.46	62.16	42086500
	2014-02-07	64.57	62.22	62.27	64.32	60704300
	2014-02-10	64.49	63.47	64.3	63.55	43666100
	2014-02-11	65	63.35	63.75	64.85	45675600
	2014-02-12	65.06	64.05	64.92	64.45	47282100
	2014-02-13	67.33	64.05	64.18	67.33	61911700
	2014-02-14	67.58	66.72	67.5	67.09	36694900
	2014-02-18	67.54	66.07	66.94	67.3	43809900
	2014-02-19	69.08	67	67.05	68.06	62087100
	2014-02-20	70.11	65.73	67.73	69.63	130929000
	2014-02-21	69.96	68.45	69.69	68.59	70932400
	2014-02-24	71.44	68.54	68.74	70.78	76620300
	2014-02-25	71	69.45	70.95	69.85	52077000
	2014-02-26	71.22	68.85	70.19	69.26	55322700
	2014-02-27	70.01	68.87	69.34	68.94	41653700
	2014-02-28	69.88	67.38	69.47	68.46	66783700
	2014-03-03	68.05	66.51	66.96	67.41	56824100
	2014-03-04	68.9	67.62	68.66	68.8	42013500
	2014-03-05	71.97	69.62	69.69	71.57	74567700
	2014-03-06	71.89	70.25	71.88	70.84	46026500
	2014-03-07	71.18	69.47	71.08	69.8	38927000
	2014-03-10	72.15	70.51	70.77	72.03	59871600
	2014-03-11	72.59	69.96	72.5	70.1	59408300
	2014-03-12	71.35	69	69.86	70.88	46340500
	2014-03-13	71.35	68.15	71.29	68.83	57091000
	2014-03-14	69.43	67.46	68.49	67.72	48227000
	2014-03-17	68.95	66.62	68.18	68.74	52197000
	2014-03-18	69.6	68.3	68.76	69.19	40827000
	2014-03-19	69.29	67.47	69.17	68.24	43981000
	2014-03-20	68.23	66.82	68.01	66.97	44439000
	2014-03-21	67.92	66.18	67.53	67.24	59999900
	2014-03-24	67.36	63.36	67.19	64.1	85696000
	2014-03-25	66.19	63.78	64.89	64.89	68786000
	2014-03-26	64.95	60.37	64.74	60.39	97503900
	2014-03-27	61.9	57.98	60.51	60.97	112650000
	2014-03-28	61.95	59.34	61.34	60.01	67052000
	2014-03-31	61.52	59.87	60.78	60.24	53011000
	2014-04-01	62.66	60.24	60.46	62.62	59291000
	2014-04-02	63.91	62.21	63.21	62.72	66277000
	2014-04-03	63.17	59.13	62.55	59.49	83859000
	2014-04-04	60.2	56.32	59.94	56.75	125214000
	2014-04-07	58	55.44	55.9	56.95	108488000
	2014-04-08	58.71	57.17	57.68	58.19	78836000
	2014-04-09	62.46	59.19	59.63	62.41	100215000
	2014-04-10	63.18	58.68	63.08	59.16	114988000
	2014-04-11	60.31	57.31	57.6	58.53	91452000
	2014-04-14	60.45	57.78	60.09	58.89	72325000
	2014-04-15	59.68	55.88	59.29	59.09	108623000
	2014-04-16	60.19	57.74	59.79	59.72	78774000
	2014-04-17	60.58	58.72	59.3	58.94	88040000
	2014-04-21	61.24	59.15	59.46	61.24	60364000
	2014-04-22	63.44	62.22	62.65	63.03	60631000
	2014-04-23	63.48	61.26	63.45	61.36	95908700
	2014-04-24	63.65	59.77	63.6	60.87	138769000
	2014-04-25	60.01	57.57	59.97	57.71	92502000
	2014-04-28	58.31	54.66	58.05	56.14	107758000
	2014-04-29	58.28	55.84	56.09	58.15	75557000
	2014-04-30	59.85	57.16	57.58	59.78	76093000
	2014-05-01	62.28	60.21	60.43	61.15	82429000
	2014-05-02	61.89	60.18	61.3	60.46	54189000
	2014-05-05	61.35	59.18	59.67	61.22	46057000
	2014-05-06	61.15	58.49	60.98	58.53	55901000
	2014-05-07	59.3	56.26	58.77	57.39	78587000
	2014-05-08	58.82	56.5	57.23	56.76	61251000
	2014-05-09	57.65	56.38	56.85	57.24	52584000
	2014-05-12	59.9	57.98	57.98	59.83	48575000
	2014-05-13	60.89	59.51	59.66	59.83	48525000
	2014-05-14	60.45	58.95	59.53	59.23	47429000
	2014-05-15	59.38	57.52	59.26	57.92	56814000
	2014-05-16	58.45	57.31	58.31	58.02	47933000
	2014-05-19	59.56	57.57	57.89	59.21	43034000
	2014-05-20	60.19	58.18	59.5	58.56	53931000
	2014-05-21	60.5	58.25	58.56	60.49	58992000
	2014-05-22	61.48	60.4	60.94	60.52	54200000
	2014-05-23	61.45	60.15	60.41	61.35	38294000
	2014-05-27	63.51	61.57	61.62	63.48	55682000
	2014-05-28	64.14	62.62	63.39	63.51	47795000
	2014-05-29	64.3	63.51	63.84	63.83	42700000
	2014-05-30	64.17	62.56	63.95	63.3	45253500
	2014-06-02	63.59	62.05	63.23	63.08	35996000
	2014-06-03	63.42	62.32	62.62	62.87	32217000
	2014-06-04	63.59	62.07	62.45	63.34	36514000
	2014-06-05	64.36	62.82	63.66	63.19	47352000
	2014-06-06	63.48	62.15	63.37	62.5	42442000
	2014-06-09	63.34	61.79	62.4	62.88	37617000
	2014-06-10	65.82	63.5	63.53	65.77	69338000
	2014-06-11	65.8	64.9	65.32	65.78	44242000
	2014-06-12	66.47	64.06	65.85	64.29	55730000
	2014-06-13	64.97	63.83	64.7	64.5	29419000
	2014-06-16	64.88	63.75	64.16	64.19	31046000
	2014-06-17	64.88	63.93	64.1	64.4	27715000
	2014-06-18	65.75	64.05	64.49	65.6	35570000
	2014-06-19	65.58	64.21	65.46	64.34	34245000
	2014-06-20	64.81	63.35	64.46	64.5	46466000
	2014-06-23	65.66	64.22	64.32	65.37	34560000
	2014-06-24	67.17	65.27	65.36	65.72	57335000
	2014-06-25	67.48	65.57	65.58	67.44	44308000
	2014-06-26	68	66.9	68	67.13	47714000
	2014-06-27	67.7	66.84	67.31	67.6	46461000
	2014-06-30	67.92	67.13	67.46	67.29	27102800
	2014-07-01	68.44	67.39	67.58	68.06	33243000
	2014-07-02	68.3	65.79	68.04	66.45	41895000
	2014-07-03	67	65.76	66.86	66.29	25203200
	2014-07-07	66.57	65.12	66.3	65.29	28745000
	2014-07-08	65.56	62.21	65.06	62.76	68926000
	2014-07-09	65.12	63.15	63.41	64.97	51432000
	2014-07-10	65.34	63.05	63.31	64.87	44422000
	2014-07-11	66.59	64.79	65.28	66.34	39212000
	2014-07-14	68.17	66.9	67.13	67.9	38537000
	2014-07-15	68.09	66.26	67.96	67.17	44213200
	2014-07-16	67.94	67.07	67.54	67.66	29541600
	2014-07-17	67.85	66.04	67.03	66.41	38188000
	2014-07-18	68.46	66.16	66.8	68.42	42456000
	2014-07-21	69.96	68.5	68.81	69.4	49539000
	2014-07-22	69.77	68.61	69.76	69.27	40398000
	2014-07-23	71.33	69.61	69.74	71.29	78435000
	2014-07-24	76.74	74.51	75.96	74.98	124168000
	2014-07-25	75.67	74.66	74.99	75.19	45917000
	2014-07-28	75.5	73.85	75.17	74.92	41725000
	2014-07-29	74.92	73.42	74.72	73.71	41324000
	2014-07-30	75.19	74.13	74.21	74.68	36853000
	2014-07-31	74.17	72.44	74	72.65	43992000
	2014-08-01	73.22	71.55	72.22	72.36	43535000
	2014-08-04	73.88	72.36	72.36	73.51	30777000
	2014-08-05	73.59	72.18	73.2	72.69	34986000
	2014-08-06	73.72	71.79	72.02	72.47	30986000
	2014-08-07	74	72.7	73	73.17	38141000
	2014-08-08	73.43	72.56	73.4	73.06	27202000
	2014-08-11	73.91	73.06	73.46	73.44	24591000
	2014-08-12	73.33	72.22	73.09	72.83	27419000
	2014-08-13	74.25	73.05	73.12	73.77	29266000
	2014-08-14	74.38	73.69	73.97	74.3	22207000
	2014-08-15	74.65	73	74.32	73.63	38846600
	2014-08-18	74.72	73.96	74	74.59	23974000
	2014-08-19	75.58	74.51	74.81	75.29	26679000
	2014-08-20	75.18	74.62	74.97	74.81	22917000
	2014-08-21	75.19	74.41	74.92	74.57	20102000
	2014-08-22	74.73	73.57	74.34	74.57	20897000
	2014-08-25	75.28	74.79	74.94	75.02	19734000
	2014-08-26	75.99	74.73	75	75.96	23993000
	2014-08-27	75.49	74.46	75.27	74.63	36323000
	2014-08-28	74.43	73.73	74	73.86	21947000
	2014-08-29	74.82	74.01	74.3	74.82	26241000
	2014-09-02	76.7	74.82	75.01	76.68	34979000
	2014-09-03	77.48	75.6	77.14	75.83	32389000
	2014-09-04	76.93	75.53	75.89	75.95	26676000
	2014-09-05	77.38	75.6	76.1	77.26	29476000
	2014-09-08	78.17	77.01	77.26	77.89	28183000
	2014-09-09	78.17	76.2	77.59	76.67	28882000
	2014-09-10	77.95	76.51	76.52	77.43	29909000
	2014-09-11	78.36	77.05	77.13	77.92	32219000
	2014-09-12	78.3	77.1	78.02	77.48	26676800
	2014-09-15	77.25	73.43	77.15	74.58	49679000
	2014-09-16	76.23	73.07	73.52	76.08	37742000
	2014-09-17	77.25	75.57	75.96	76.43	28693000
	2014-09-18	77.33	76.52	76.77	77	23031000
	2014-09-19	78.3	76.44	77.4	77.91	76671000
	2014-09-22	77.53	75.95	77	76.8	31961000
	2014-09-23	78.63	76.04	76.33	78.29	36814000
	2014-09-24	78.62	77.51	78.1	78.54	30680000
	2014-09-25	78.94	77.13	78.6	77.22	37533000
	2014-09-26	78.84	77.33	77.59	78.79	28872000
	2014-09-29	79.2	77.91	78.12	79	34031000
	2014-09-30	79.71	78.6	79.35	79.04	35899000
	2014-10-01	78.82	75.9	78.78	76.55	55090000
	2014-10-02	77.48	75.64	76.57	77.08	36488000
	2014-10-03	78.06	77.26	77.76	77.44	23340000
	2014-10-06	77.89	76.85	77.19	77.56	25729000
	2014-10-07	77.95	76.24	77.05	76.29	25317000
	2014-10-08	77.71	75.1	76.18	77.52	32976000
	2014-10-09	77.76	75.85	77.28	75.91	32487000
	2014-10-10	76.5	72.76	75.59	72.91	52146000
	2014-10-13	74.78	72.52	73.23	72.99	43938000
	2014-10-14	74.18	72.05	74	73.59	50299000
	2014-10-15	73.8	70.32	71.69	73.21	61528000
	2014-10-16	73.35	70.58	70.79	72.63	53529000
	2014-10-17	76	73.75	74.23	75.95	76342000
	2014-10-20	77.09	75.38	75.6	76.95	34701000
	2014-10-21	78.74	77.15	77.56	78.69	32252000
	2014-10-22	79.85	78.01	78.82	78.37	41862000
	2014-10-23	80.63	79.01	79.38	80.04	35056000
	2014-10-24	80.82	79.32	80.2	80.67	32248000
	2014-10-27	80.8	79.76	80.74	80.28	30169000
	2014-10-28	81.16	79.57	80.18	80.77	74212000
	2014-10-29	76.88	74.78	75.45	75.86	106120000
	2014-10-30	75.35	72.9	75.05	74.11	83270000
	2014-10-31	75.7	74.45	74.93	74.99	44544000
	2014-11-03	75.52	73.7	75.47	73.88	40727000
	2014-11-04	75.77	73.65	74.23	75.76	39326000
	2014-11-05	76.8	74.42	76.51	74.83	35913000
	2014-11-06	75.6	74.31	74.89	75.26	21383000
	2014-11-07	75.86	75.02	75.39	75.6	20774000
	2014-11-10	75.48	74.61	75.36	75	21575100
	2014-11-11	74.98	74.03	74.95	74.61	18715700
	2014-11-12	75.14	73.54	74.28	74.72	26536600
	2014-11-13	75.24	73.64	74.74	74.25	26448500
	2014-11-14	74.93	74.04	74.27	74.88	19476900
	2014-11-17	75.66	73.88	74.88	74.24	28701200
	2014-11-18	74.8	73.9	74.45	74.34	20690500
	2014-11-19	74.54	73.11	74.01	73.33	25441200
	2014-11-20	73.99	72.51	72.8	73.6	19154900
	2014-11-21	74.5	73.5	74.5	73.75	23060400
	2014-11-24	74.35	73.35	73.54	74.01	22103800
	2014-11-25	75.74	74.13	74.21	75.63	32250200
	2014-11-26	77.78	75.51	75.53	77.62	32695300
	2014-11-28	78.27	77.23	77.67	77.7	15992000
	2014-12-01	77.31	74.8	77.26	75.1	31789900
	2014-12-02	75.91	75.04	75.33	75.46	16773900
	2014-12-03	75.73	74.4	75.38	74.88	16689900
	2014-12-04	75.55	74.66	74.83	75.24	14362800
	2014-12-05	76.76	75.36	75.8	76.36	24306400
	2014-12-08	77.25	75.4	76.18	76.52	25733900
	2014-12-09	76.93	74.78	75.2	76.84	25358600
	2014-12-10	77.55	76.07	76.65	76.18	32210500
	2014-12-11	78.52	76.48	76.52	77.73	33462100
	2014-12-12	78.88	77.02	77.16	77.83	28091600
	2014-12-15	78.58	76.56	78.46	76.99	29396500
	2014-12-16	77.39	74.59	76.19	74.69	31554600
	2014-12-17	76.41	74.9	75.01	76.11	29203900
	2014-12-18	78.4	76.51	76.89	78.4	34222100
	2014-12-19	80	78.33	78.75	79.88	43335000
	2014-12-22	81.89	80	80.08	81.45	31395800
	2014-12-23	82.17	80.4	82.02	80.61	19865800
	2014-12-24	81.43	80.75	81.03	80.77	7685500
	2014-12-26	81.28	80.51	81.02	80.78	10647400
	2014-12-29	80.96	79.71	80.49	80.02	14134700
	2014-12-30	80.59	79.1	79.85	79.22	14370800
	2014-12-31	79.8	77.86	79.54	78.02	19935400
	2015-01-02	78.93	77.7	78.58	78.45	18177500
	2015-01-05	79.25	76.86	77.98	77.19	26452200
	2015-01-06	77.59	75.36	77.23	76.15	27399300
	2015-01-07	77.36	75.82	76.76	76.15	22045300
	2015-01-08	78.23	76.08	76.74	78.18	23961000
	2015-01-09	78.62	77.2	78.2	77.74	21157000
	2015-01-12	78	76.21	77.84	76.72	19190200
	2015-01-13	78.08	75.85	77.23	76.45	25179600
	2015-01-14	77.2	76.03	76.42	76.28	25741000
	2015-01-15	76.57	73.54	76.4	74.05	34134000
	2015-01-16	75.32	73.84	74.04	75.18	21791500
	2015-01-20	76.31	74.82	75.72	76.24	22821600
	2015-01-21	77.3	75.85	76.16	76.74	25096700
	2015-01-22	77.75	76.68	77.17	77.65	19519500
	2015-01-23	78.19	77.04	77.65	77.83	16746500
	2015-01-26	78.47	77.29	77.98	77.5	19260800
	2015-01-27	76.88	75.63	76.71	75.78	20110000
	2015-01-28	77.64	76	76.9	76.24	53306400
	2015-01-29	78.02	74.21	76.85	78	61293500
	2015-01-30	78.16	75.75	78	75.91	42649500
	2015-02-02	76.14	73.75	76.11	74.99	41955300
	2015-02-03	75.58	73.86	75.19	75.4	26957700
	2015-02-04	76.35	75.01	75.09	75.63	20277400
	2015-02-05	75.98	75.21	75.71	75.61	15062600
	2015-02-06	75.7	74.25	75.68	74.47	21211000
	2015-02-09	74.83	73.45	74.05	74.44	16194300
	2015-02-10	75.34	74.5	74.85	75.19	15811300
	2015-02-11	76.75	75.03	75.09	76.51	20877400
	2015-02-12	76.87	75.89	76.86	76.23	17235000
	2015-02-13	76.48	75.5	76.46	75.74	18621900
	2015-02-17	76.91	75.08	75.3	75.6	25254400
	2015-02-18	76.9	75.45	75.94	76.71	22426400
	2015-02-19	79.84	76.95	76.99	79.42	45851200
	2015-02-20	80.34	79.2	79.55	79.9	36931700
	2015-02-23	80.19	78.38	79.96	78.84	24139100
	2015-02-24	79.48	78.1	78.5	78.45	18897100
	2015-02-25	80.2	78.5	78.5	79.56	25593800
	2015-02-26	81.37	79.72	79.88	80.41	31111900
	2015-02-27	81.23	78.62	80.68	78.97	30739200
	2015-03-02	79.86	78.52	79	79.75	21662500
	2015-03-03	79.7	78.52	79.61	79.6	18635000
	2015-03-04	81.15	78.85	79.3	80.9	28126700
	2015-03-05	81.99	81.05	81.23	81.21	27825700
	2015-03-06	81.33	79.83	80.9	80.01	24488600
	2015-03-09	79.91	78.63	79.68	79.44	18925100
	2015-03-10	79.26	77.55	78.5	77.55	23067100
	2015-03-11	78.43	77.26	77.8	77.57	20215700
	2015-03-12	79.05	77.91	78.1	78.93	16093300
	2015-03-13	79.38	77.68	78.6	78.05	18557300
	2015-03-16	78.12	77.36	77.96	78.07	19305400
	2015-03-17	79.78	78.34	78.36	79.36	22170000
	2015-03-18	81.24	79.17	79.25	80.91	36912400
	2015-03-19	83	81	81.12	82.75	42099500
	2015-03-20	84.6	83.07	83.39	83.8	44466300
	2015-03-23	84.96	83.3	83.92	84.43	27357300
	2015-03-24	86.07	84.52	84.71	85.31	32576500
	2015-03-25	85.52	82.92	85.5	82.92	37436100
	2015-03-26	83.77	82.14	82.72	83.01	32794800
	2015-03-27	83.95	82.88	83.38	83.3	18372600
	2015-03-30	84.34	82.41	83.81	83.2	24527700
	2015-03-31	83.5	82.21	82.9	82.22	19734300
	2015-04-01	82.72	80.87	82.5	81.67	22058200
	2015-04-02	82.56	81.44	82.25	81.56	19664100
	2015-04-06	82.81	80.8	80.8	82.44	19062900
	2015-04-07	83.42	82.22	82.65	82.32	17467000
	2015-04-08	83.1	81.84	82.63	82.28	18966700
	2015-04-09	82.8	81.71	82.5	82.17	15927300
	2015-04-10	82.61	81.91	82.21	82.04	12529700
	2015-04-13	83.94	81.92	81.93	83.01	26883100
	2015-04-14	83.69	82.44	83.17	83.52	19634200
	2015-04-15	83.66	82.27	83.55	82.71	22390900
	2015-04-16	83.07	82.15	82.47	82.31	13769700
	2015-04-17	82.11	80.37	81.48	80.78	24215000
	2015-04-20	83.15	81.24	81.54	83.09	28796800
	2015-04-21	84.49	83.54	84	83.62	27171900
	2015-04-22	84.74	83.65	84.32	84.63	45548000
	2015-04-23	85.59	82.41	84.1	82.41	73728100
	2015-04-24	82.94	81.48	82.77	81.53	29660400
	2015-04-27	82.93	81.63	81.87	81.91	25446000
	2015-04-28	81.9	80.23	81.83	80.68	23775300
	2015-04-29	81.39	79.52	80.01	80.47	26430300
	2015-04-30	80.96	78.32	80.01	78.77	28999000
	2015-05-01	79.76	78.11	79.24	78.99	24136400
	2015-05-04	79.69	78.63	79.33	78.81	14692000
	2015-05-05	78.8	77.22	78.55	77.56	22311300
	2015-05-06	78.81	77.05	77.97	78.1	28663000
	2015-05-07	78.94	77.56	78	78.43	19749400
	2015-05-08	79.23	78.03	79.1	78.51	19943600
	2015-05-11	79.03	77.93	78.48	78.01	18874100
	2015-05-12	77.89	76.79	77.87	77.46	21285300
	2015-05-13	78.53	77.65	77.72	78.44	21512300
	2015-05-14	81.85	78.67	78.94	81.37	49438000
	2015-05-15	81.52	80.18	81.41	80.42	27069900
	2015-05-18	81.38	80.23	80.33	80.88	21613700
	2015-05-19	81.69	80.55	81.25	80.63	17955400
	2015-05-20	81.1	79.46	80.47	80.55	23056900
	2015-05-21	80.92	80.08	80.19	80.48	13402700
	2015-05-22	81.31	80.25	80.35	80.54	19567900
	2015-05-26	80.6	79.08	80.43	79.33	16321300
	2015-05-27	80.66	79.43	79.6	80.55	14160900
	2015-05-28	81.07	80	80.25	80.15	11982000
	2015-05-29	80.07	78.88	79.95	79.19	16134600
	2015-06-01	80.38	78.66	79.3	80.29	18119000
	2015-06-02	81.35	79.56	79.76	80.44	18923300
	2015-06-03	82.53	81.25	81.35	82.44	31594700
	2015-06-04	82.95	81.51	82.14	82.05	20863900
	2015-06-05	82.46	81.51	81.87	82.14	16143100
	2015-06-08	82	80.13	81.82	80.67	16915500
	2015-06-09	81.19	79.32	80.6	80.67	16497500
	2015-06-10	82.6	80.81	80.83	82.16	21531200
	2015-06-11	82.9	81.36	82.31	81.83	18656800
	2015-06-12	82.09	81.2	81.37	81.53	11417900
	2015-06-15	80.93	80.07	80.55	80.71	18805100
	2015-06-16	81.51	80.45	80.82	81.06	13693700
	2015-06-17	82.22	81.34	81.76	81.79	18350300
	2015-06-18	83.19	81.57	81.64	82.91	26782600
	2015-06-19	82.98	82.12	82.83	82.51	23353200
	2015-06-22	84.97	83.31	83.41	84.74	29383100
	2015-06-23	87.97	84.76	84.96	87.88	50667900
	2015-06-24	89.25	87.45	87.66	88.86	41370200
	2015-06-25	89.4	87.84	89.26	87.98	27302000
	2015-06-26	88.34	86.83	88.12	88.01	38214600
	2015-06-29	87.5	85.73	86.61	85.8	35957900
	2015-06-30	86.7	85.57	86.6	85.77	23016500
	2015-07-01	87.95	86.49	86.77	86.91	25260000
	2015-07-02	87.44	86.34	87.4	87.29	16908800
	2015-07-06	88.19	86.39	86.49	87.55	24635900
	2015-07-07	87.85	85.23	87.8	87.22	33059900
	2015-07-08	86.75	85.45	86.29	85.65	24399300
	2015-07-09	87.6	85.65	86.73	85.88	23144200
	2015-07-10	88.22	86.77	87.35	87.95	23245900
	2015-07-13	90.22	88.42	88.66	90.1	29976700
	2015-07-14	90.8	89.65	90.46	89.68	26627800
	2015-07-15	90.99	89.42	90	89.76	30886600
	2015-07-16	90.86	89.77	90.28	90.85	21804100
	2015-07-17	95.39	92.54	92.55	94.97	54001600
	2015-07-20	98.6	95.36	95.85	97.91	54860500
	2015-07-21	99.24	97.14	98.95	98.39	39453300
	2015-07-22	97.58	95.92	96.74	97.04	28299500
	2015-07-23	97.45	94.81	96.96	95.44	29418800
	2015-07-24	97.76	95.88	97.35	96.95	33444900
	2015-07-27	96.61	93.83	96.58	94.17	38585400
	2015-07-28	95.56	93.31	94.84	95.29	35236000
	2015-07-29	97.28	94.74	96.32	96.99	64648300
	2015-07-30	95.81	91.8	94.91	95.21	86211300
	2015-07-31	96.33	93.95	94.95	94.01	46509000
	2015-08-03	95.08	92.8	93.53	94.14	29343100
	2015-08-04	94.73	93.33	93.79	94.06	20136000
	2015-08-05	97.09	95.18	95.25	96.44	29813200
	2015-08-06	98.74	94.42	97.18	95.12	42271300
	2015-08-07	95.4	93.61	95.38	94.3	23199100
	2015-08-10	95.9	93.63	95.68	94.15	21624200
	2015-08-11	94.76	92.9	93.73	93.62	22491000
	2015-08-12	94.44	91.19	92.7	94.19	27050500
	2015-08-13	94.73	93.35	94.05	93.43	17451800
	2015-08-14	94.72	93.21	93.54	94.42	15929700
	2015-08-17	94.46	93.39	94.42	93.93	18313500
	2015-08-18	95.85	94.04	94.08	95.17	22278800
	2015-08-19	96.1	94.16	94.63	95.31	23156500
	2015-08-20	94.77	90.46	93.54	90.56	44598200
	2015-08-21	89.18	85.61	87.52	86.06	62778700
	2015-08-24	82.09	72	77.03	82.09	83710700
	2015-08-25	87.67	83	86.95	83	52021200
	2015-08-26	87.46	83.26	85.95	87.19	45124300
	2015-08-27	90.06	87.19	89.1	89.73	42431400
	2015-08-28	91.48	89.79	89.88	91.01	33215900
	2015-08-31	91.05	88.89	90.6	89.43	32850700
	2015-09-01	89.39	86.5	86.85	87.23	36097400
	2015-09-02	89.89	87.63	88.81	89.89	27190500
	2015-09-03	89.82	87.73	89.76	88.15	27048200
	2015-09-04	88.39	86.7	87.2	88.26	27328700
	2015-09-08	90.24	88.83	89.69	89.53	27012500
	2015-09-09	91.98	90.17	90.78	90.44	32551100
	2015-09-10	92.06	89.63	90.07	91.98	26437400
	2015-09-11	92.08	91.13	91.68	92.05	21185000
	2015-09-14	92.62	91.6	92.31	92.31	20127900
	2015-09-15	93.25	91.79	92.37	92.9	18859400
	2015-09-16	93.6	92.63	92.9	93.45	16321200
	2015-09-17	95.51	92.9	93.37	94.34	27841800
	2015-09-18	95.19	93.05	93.2	94.4	62300000
	2015-09-21	96.49	94.52	94.62	95.55	28790000
	2015-09-22	94.68	91.92	93.77	92.96	36888900
	2015-09-23	94.32	92.8	93.4	93.97	21701400
	2015-09-24	94.77	92.24	93.06	94.41	29106000
	2015-09-25	95.85	92.06	95.79	92.77	28961600
	2015-09-28	92.29	88.18	92.08	89.21	41199900
	2015-09-29	90.06	85.72	89.1	86.67	42281800
	2015-09-30	90.02	88.01	88.44	89.9	36169100
	2015-10-01	90.95	88.36	90.05	90.95	29283700
	2015-10-02	92.2	88.37	88.9	92.07	37881700
	2015-10-05	94.27	92.66	92.94	94.01	27292500
	2015-10-06	94.17	92.34	94.08	92.8	22172800
	2015-10-07	93.66	91.37	93.11	92.4	24129300
	2015-10-08	93.22	90.47	91.89	92.47	27290500
	2015-10-09	93.74	92.24	92.9	93.24	20012900
	2015-10-12	94.6	92.67	93.32	94.26	18449600
	2015-10-13	95.37	93.55	93.66	94.12	19480300
	2015-10-14	95.2	93.61	94.08	94.07	19253400
	2015-10-15	96.3	94.9	94.99	95.96	27557500
	2015-10-16	97.59	95.35	96.18	97.54	25412900
	2015-10-19	98.57	96.92	97.18	98.47	23729900
	2015-10-20	99.59	96.56	98.73	97	30700500
	2015-10-21	98.18	96.47	97.37	97.11	21917800
	2015-10-22	99.73	97.55	97.79	99.67	26392100
	2015-10-23	102.85	100.16	101.91	102.19	42809700
	2015-10-26	103.81	101.55	102.2	103.77	25961200
	2015-10-27	104.1	102.4	102.94	103.7	23795500
	2015-10-28	104.48	102.92	103.9	104.2	24081500
	2015-10-29	105.12	103.52	103.96	104.88	20316700
	2015-10-30	104.72	101.65	104.51	101.97	33487100
	2015-11-02	103.47	101.18	101.72	103.31	24003900
	2015-11-03	103.65	102.4	103.22	102.58	21242300
	2015-11-04	104.14	102.48	103.19	103.94	43469300
	2015-11-05	110.65	107.95	108.8	108.76	63232900
	2015-11-06	108.74	105.91	108.04	107.1	35084300
	2015-11-09	108.25	105.86	107	106.49	26383500
	2015-11-10	108.15	105.24	105.96	107.91	25031700
	2015-11-11	109.87	107.11	108.27	109.01	25057100
	2015-11-12	109.39	108	108.48	108.02	20924700
	2015-11-13	108.25	103.83	107.71	103.95	30278400
	2015-11-16	104.17	100.47	103.32	104.04	49309200
	2015-11-17	106.2	104.14	104.62	105.13	26807200
	2015-11-18	107.88	105.39	105.8	107.77	23836500
	2015-11-19	107.73	105.95	107.36	106.26	25520600
	2015-11-20	107.87	106.62	106.84	107.32	22129600
	2015-11-23	107.47	106.08	107.19	106.95	19897200
	2015-11-24	106.49	104.39	106	105.74	23577300
	2015-11-25	106.6	105.1	106.33	105.41	15150800
	2015-11-27	105.96	104.86	105.78	105.45	5913100
	2015-11-30	106.1	103.75	105.84	104.24	20383200
	2015-12-01	107.15	104.5	104.83	107.12	22781900
	2015-12-02	107.92	105.79	107	106.07	24429100
	2015-12-03	106.85	103.35	106.27	104.38	23236500
	2015-12-04	107.73	104.11	104.81	106.18	21224700
	2015-12-07	106.83	104.66	106.48	105.61	15474900
	2015-12-08	106.91	103.95	104	106.49	20401800
	2015-12-09	106.44	103.55	106.18	104.6	23517300
	2015-12-10	106.4	104.41	105.05	105.42	17414500
	2015-12-11	104.34	101.91	104.15	102.12	26427700
	2015-12-14	104.74	101.46	102.29	104.66	24648100
	2015-12-15	105.8	104.28	105.3	104.55	21764300
	2015-12-16	107.09	104.19	105.37	106.79	22680500
	2015-12-17	107.75	106.13	107.49	106.22	21675700
	2015-12-18	106.59	103.97	106.08	104.04	35994200
	2015-12-21	105.15	103.6	104.91	104.77	16138800
	2015-12-22	105.66	104.81	105.22	105.51	14597100
	2015-12-23	106.11	103.86	105.89	104.63	19599700
	2015-12-24	105.32	104.5	104.74	105.02	6501800
	2015-12-28	105.98	104.53	105.02	105.93	13069700
	2015-12-29	107.74	106.25	106.42	107.26	17179900
	2015-12-30	107.25	106.06	107	106.22	13115000
	2015-12-31	106.17	104.62	106	104.66	18298700
	2016-01-04	102.24	99.75	101.95	102.22	37912400
	2016-01-05	103.71	101.67	102.89	102.73	23258200
	2016-01-06	103.77	100.9	101.13	102.97	25096200
	2016-01-07	101.43	97.3	100.5	97.92	45172900
	2016-01-08	100.5	97.03	99.88	97.33	35402300
	2016-01-11	98.6	95.39	97.91	97.51	29932400
	2016-01-12	99.96	97.55	99	99.37	28395400
	2016-01-13	100.58	95.21	100.58	95.44	33410600
	2016-01-14	98.87	92.45	95.85	98.37	48658600
	2016-01-15	96.38	93.54	93.98	94.97	45935600
	2016-01-19	97.42	93.92	96.53	95.26	30998300
	2016-01-20	95	89.37	92.83	94.35	59051400
	2016-01-21	95.99	92.62	94.91	94.16	30518900
	2016-01-22	98.07	95.49	96.41	97.94	30495400
	2016-01-25	99.48	96.93	98.72	97.01	32482000
	2016-01-26	97.88	95.66	97.76	97.34	26877100
	2016-01-27	97.85	94.23	97.79	94.45	58699400
	2016-01-28	110.34	104.81	107.2	109.11	107475000
	2016-01-29	112.84	108.84	108.99	112.21	62739500
	2016-02-01	115.72	112.01	112.27	115.09	46132700
	2016-02-02	117.59	113.2	114.8	114.61	59778600
	2016-02-03	115.34	109.75	115.27	112.69	56919300
	2016-02-04	111.94	109.25	111.8	110.49	38890200
	2016-02-05	109.58	103.18	109.51	104.07	76894700
	2016-02-08	102.68	97.46	100.41	99.75	71229700
	2016-02-09	102.4	96.82	97.14	99.54	62709000
	2016-02-10	103.25	100.24	101.55	101	45179400
	2016-02-11	105.11	98.88	99.6	101.91	43670600
	2016-02-12	104.24	101.09	103.74	102.01	36176800
	2016-02-16	103.93	100.24	103.8	101.61	45687200
	2016-02-17	105.72	100.4	102.02	105.2	44073400
	2016-02-18	106	103.03	105.8	103.47	29593500
	2016-02-19	105.02	102.06	102.55	104.57	32404500
	2016-02-22	108.25	105.34	105.49	107.16	35709700
	2016-02-23	107.47	105.12	106.85	105.46	25319300
	2016-02-24	106.95	102.74	104.21	106.88	34412400
	2016-02-25	108.07	105.61	107.11	108.07	29906300
	2016-02-26	109.45	107.16	108.7	107.92	26686200
	2016-02-29	108.91	106.75	107.6	106.92	32779000
	2016-03-01	109.82	107.6	107.83	109.82	26817300
	2016-03-02	110.55	108.77	109.68	109.95	25670200
	2016-03-03	110.3	108.54	110.25	109.58	21353100
	2016-03-04	110.05	107.93	110.05	108.39	24938900
	2016-03-07	108.07	104.72	108.07	105.73	31436400
	2016-03-08	107.37	104.4	104.78	105.93	25617000
	2016-03-09	107.51	105.49	106.7	107.51	20493300
	2016-03-10	108.66	105.77	107.91	107.32	24854300
	2016-03-11	109.42	107.92	108.48	109.41	20697600
	2016-03-14	110.33	108.77	109.28	109.89	17249400
	2016-03-15	110.83	108.84	109.11	110.67	17618500
	2016-03-16	112.5	110.1	110.49	112.18	24744800
	2016-03-17	112.69	110.73	112.15	111.02	24241200
	2016-03-18	112.42	110.27	111.56	111.45	36256900
	2016-03-21	112.37	111.03	111.66	111.85	18448000
	2016-03-22	112.88	111.17	111.36	112.25	19001100
	2016-03-23	113.19	112	112.01	112.54	18562000
	2016-03-24	113.09	111.68	112.13	113.05	17839100
	2016-03-28	114.59	112.95	113.32	113.69	21351800
	2016-03-29	116.32	113.64	113.83	116.14	29825300
	2016-03-30	116.99	114.36	116.73	114.7	33235200
	2016-03-31	115.01	113.77	114.7	114.1	21207500
	2016-04-01	116.17	113.35	113.75	116.06	24760500
	2016-04-04	114.55	111.61	114.07	112.55	48487900
	2016-04-05	113.32	111.9	112.11	112.22	22962400
	2016-04-06	113.81	112.42	112.47	113.71	20814600
	2016-04-07	114.89	113.07	113.79	113.64	20714500
	2016-04-08	114.33	109.9	114.25	110.63	48497800
	2016-04-11	110.91	108.77	110.7	108.99	39762300
	2016-04-12	111.16	108.99	109.34	110.61	26248100
	2016-04-13	112.65	106.52	112.23	110.51	88227400
	2016-04-14	112.04	110.26	110.62	110.84	28473300
	2016-04-15	110.97	109.2	110.79	109.64	20922800
	2016-04-18	110.81	109.2	109.74	110.45	21092700
	2016-04-19	112.45	109.16	111.1	112.29	30210500
	2016-04-20	113.27	111.56	112.43	112.42	21027900
	2016-04-21	114.04	112.31	112.55	113.44	20875200
	2016-04-22	111.75	109.01	111.21	110.56	38458200
	2016-04-25	110.67	109.07	109.87	110.1	21017900
	2016-04-26	110.5	108.15	110.49	108.76	22521500
	2016-04-27	108.94	106.31	107.94	108.89	52213100
	2016-04-28	120.79	116.23	119.58	116.73	87110100
	2016-04-29	117.84	115.84	116.82	117.58	37140600
	2016-05-02	118.73	116.57	117.83	118.57	28095200
	2016-05-03	118.16	117.02	117.52	117.43	24117500
	2016-05-04	118.3	116.57	116.61	118.06	23448400
	2016-05-05	118.98	117.25	118.04	117.81	22056700
	2016-05-06	119.64	117.11	117.16	119.49	26216200
	2016-05-09	120.28	118.9	119.54	119.24	21138100
	2016-05-10	120.5	119	119.62	120.5	23220000