	stockDate	high	low	open	close	volume
	2008-01-02	35.96	35	35.79	35.22	63004200
	2008-01-03	35.65	34.86	35.22	35.37	49599600
	2008-01-04	35.2	34.09	35.19	34.38	72090800
	2008-01-07	34.8	34.25	34.55	34.61	80164300
	2008-01-08	34.71	33.4	34.71	33.45	79148300
	2008-01-09	34.54	33.35	33.36	34.44	74305500
	2008-01-10	34.5	33.78	34.35	34.33	72446000
	2008-01-11	34.24	33.72	34.14	33.91	55187900
	2008-01-14	34.57	34.08	34.46	34.39	52792200
	2008-01-15	34.38	34	34.03	34	61606200
	2008-01-16	33.65	32.51	33.42	33.23	120778000
	2008-01-17	33.8	32.97	33.54	33.11	94247800
	2008-01-18	34	32.97	33.16	33.01	117062000
	2008-01-22	32.53	31.5	31.54	31.96	108521000
	2008-01-23	32.05	31.04	31.48	31.93	137597000
	2008-01-24	33.36	32.12	32.35	33.25	155640000
	2008-01-25	35	32.87	34.9	32.94	196992000
	2008-01-28	33.1	32.42	33.02	32.72	81019000
	2008-01-29	32.89	32.35	32.85	32.6	68023000
	2008-01-30	32.8	32.05	32.56	32.2	106433000
	2008-01-31	32.74	31.72	31.91	32.6	103642000
	2008-02-01	33.25	30.25	31.06	30.45	291139000
	2008-02-04	30.72	30.11	30.49	30.19	119999000
	2008-02-05	29.94	28.89	29.91	29.07	137534000
	2008-02-06	29.35	28.29	29.28	28.52	138316000
	2008-02-07	28.78	27.9	28.34	28.12	164965000
	2008-02-08	29.08	28.24	28.29	28.56	124872000
	2008-02-11	28.61	27.91	28.52	28.21	156814000
	2008-02-12	28.62	28.11	28.43	28.34	84365900
	2008-02-13	29.05	28.53	28.62	28.96	88986200
	2008-02-14	29.04	28.46	28.88	28.5	69113500
	2008-02-15	28.64	28.25	28.31	28.42	68166100
	2008-02-19	28.84	28.07	28.8	28.17	68261200
	2008-02-20	28.26	27.92	28.15	28.22	93056200
	2008-02-21	28.96	27.96	28.62	28.1	98776500
	2008-02-22	28.39	27.2	28.24	27.68	125705000
	2008-02-25	28.24	27.48	27.65	27.84	109974000
	2008-02-26	28.86	27.67	27.74	28.38	108924000
	2008-02-27	28.68	28.1	28.19	28.26	75199500
	2008-02-28	28.27	27.8	28.02	27.93	83002900
	2008-02-29	27.83	27.02	27.69	27.2	117411000
	2008-03-03	27.39	26.87	27.24	26.99	76544300
	2008-03-04	27.63	26.96	27.02	27.59	86925600
	2008-03-05	28.41	27.7	27.75	28.12	106490000
	2008-03-06	28.17	27.5	28.06	27.57	91127700
	2008-03-07	28.07	27.32	27.34	27.87	77597600
	2008-03-10	28.26	27.75	27.83	28.05	72175100
	2008-03-11	29.34	28.38	28.4	29.28	98740700
	2008-03-12	29.49	28.54	29.43	28.63	75993800
	2008-03-13	28.99	28.16	28.54	28.62	84552200
	2008-03-14	29.01	27.64	28.72	27.96	105215000
	2008-03-17	28.73	27.28	27.3	28.3	84490100
	2008-03-18	29.48	28.67	28.67	29.42	83695300
	2008-03-19	29.59	28.62	29.38	28.62	61442100
	2008-03-20	29.22	28.59	28.74	29.18	60170200
	2008-03-24	29.4	29.06	29.33	29.17	48294700
	2008-03-25	29.37	28.94	29.33	29.14	49149000
	2008-03-26	29.07	28.38	29.03	28.56	45868100
	2008-03-27	28.49	28	28.48	28.05	47894400
	2008-03-28	28.43	27.83	28.23	27.91	49244000
	2008-03-31	28.59	27.84	27.88	28.38	46780600
	2008-04-01	29.54	28.63	28.83	29.5	65796200
	2008-04-02	29.58	29	29.57	29.16	49499400
	2008-04-03	29.32	28.8	29	29	38961400
	2008-04-04	29.26	28.74	29.13	29.16	43860800
	2008-04-07	29.59	29.03	29.55	29.16	44428600
	2008-04-08	29	28.54	28.94	28.75	44733500
	2008-04-09	29.04	28.54	28.72	28.89	45839300
	2008-04-10	29.4	28.8	28.83	29.11	65591600
	2008-04-11	29.01	28.21	28.87	28.28	54373700
	2008-04-14	28.31	27.93	28.24	28.06	43418100
	2008-04-15	28.48	28.03	28.12	28.25	34310000
	2008-04-16	29.05	28.38	28.57	28.95	54107400
	2008-04-17	29.34	28.9	29.12	29.22	48743300
	2008-04-18	30.1	29.61	30.01	30	73658900
	2008-04-21	30.6	30.12	30.19	30.42	54411700
	2008-04-22	30.7	29.97	30.64	30.25	67387500
	2008-04-23	31.46	30.3	30.45	31.45	98351500
	2008-04-24	32.1	31.16	31.63	31.8	115417000
	2008-04-25	30.39	29.6	30.05	29.83	145195000
	2008-04-28	29.84	28.82	29.8	28.99	97473000
	2008-04-29	28.9	28.45	28.8	28.64	84428900
	2008-04-30	29.21	28.51	28.74	28.52	74733600
	2008-05-01	29.49	28.48	28.5	29.4	71699400
	2008-05-02	29.62	28.86	29.59	29.24	66024200
	2008-05-05	30.23	28.99	29.93	29.08	119688000
	2008-05-06	29.86	28.93	29	29.7	93582000
	2008-05-07	30.14	29.08	29.69	29.21	88775000
	2008-05-08	29.39	29	29.28	29.27	69589900
	2008-05-09	29.55	28.95	29.21	29.39	51621200
	2008-05-12	30.06	29.35	29.4	29.99	64278800
	2008-05-13	30.13	29.53	30	29.78	70934700
	2008-05-14	30.26	29.73	29.89	29.93	66730400
	2008-05-15	30.53	29.94	29.98	30.45	53355800
	2008-05-16	30.48	29.92	30.47	29.99	81538200
	2008-05-19	29.89	29.31	29.87	29.46	59615000
	2008-05-20	29.31	28.63	29.3	28.76	75767600
	2008-05-21	29.05	28.19	28.81	28.25	60125100
	2008-05-22	28.7	28.18	28.28	28.47	52203100
	2008-05-23	28.33	27.95	28.26	28.05	48890700
	2008-05-27	28.5	28.05	28.11	28.44	47334500
	2008-05-28	28.57	28.04	28.56	28.18	52318500
	2008-05-29	28.68	28.14	28.21	28.31	47699200
	2008-05-30	28.7	28.2	28.38	28.32	63399200
	2008-06-02	28.36	27.55	28.24	27.8	77028400
	2008-06-03	28.31	27.27	27.91	27.31	86616700
	2008-06-04	27.64	27.2	27.28	27.54	79567400
	2008-06-05	28.3	27.6	27.72	28.3	76063400
	2008-06-06	28.17	27.49	27.99	27.49	78500800
	2008-06-09	27.91	27.3	27.65	27.71	66787100
	2008-06-10	28.29	27.32	27.36	27.89	77433900
	2008-06-11	27.94	27.11	27.85	27.12	59330800
	2008-06-12	28.55	27.19	27.4	28.24	113996000
	2008-06-13	29.57	28.5	28.63	29.07	131969000
	2008-06-16	29.11	28.64	29.02	28.93	74718900
	2008-06-17	29.12	28.79	29.04	28.8	44256700
	2008-06-18	28.86	28.46	28.55	28.46	49677800
	2008-06-19	29.19	28.33	28.55	28.93	62037800
	2008-06-20	28.92	28.1	28.9	28.23	97480400
	2008-06-23	28.41	27.79	28.3	27.97	57145300
	2008-06-24	28.01	27.51	27.92	27.73	65218300
	2008-06-25	28.67	27.76	27.81	28.35	64280200
	2008-06-26	28.2	27.75	28.03	27.75	67049100
	2008-06-27	27.91	27.46	27.68	27.63	73450200
	2008-06-30	27.98	27.49	27.73	27.51	57830500
	2008-07-01	27.38	26.44	27.27	26.87	100328000
	2008-07-02	27	25.88	26.9	25.88	84669000
	2008-07-03	26.1	25.6	25.97	25.98	37074500
	2008-07-07	26.39	25.45	26.11	26.03	71527600
	2008-07-08	26.2	25.51	25.93	25.85	65553200
	2008-07-09	25.85	25.18	25.79	25.23	54255800
	2008-07-10	25.67	24.98	25.2	25.45	57830600
	2008-07-11	25.64	24.87	25.16	25.25	69532600
	2008-07-14	25.81	25.07	25.48	25.15	51216200
	2008-07-15	26.64	24.93	24.93	26.15	92719300
	2008-07-16	27.29	25.92	26.13	27.26	82060400
	2008-07-17	27.91	27.11	27.58	27.52	96526100
	2008-07-18	26.47	25.11	26.36	25.86	150277000
	2008-07-21	26.17	25.53	25.66	25.64	77575600
	2008-07-22	25.94	25.48	25.54	25.8	88657200
	2008-07-23	26.84	25.85	25.86	26.43	79408800
	2008-07-24	26.17	25.44	26.09	25.44	81092600
	2008-07-25	26.22	25.5	25.64	26.16	58682300
	2008-07-28	26.11	25.34	26.06	25.5	59707800
	2008-07-29	26.19	25.4	25.52	26.11	66368200
	2008-07-30	26.49	25.9	26.2	26.23	51977700
	2008-07-31	26.28	25.71	25.85	25.72	60461000
	2008-08-01	25.95	25.07	25.92	25.44	82720200
	2008-08-04	25.55	25.11	25.39	25.28	60588300
	2008-08-05	26.28	25.5	25.64	26.21	84297600
	2008-08-06	27.16	26.38	26.73	27.02	95550000
	2008-08-07	27.75	26.73	26.9	27.39	82565800
	2008-08-08	28.23	27.19	27.35	28.13	80814100
	2008-08-11	28.4	27.66	27.86	27.9	68743800
	2008-08-12	28.36	27.58	27.78	28.12	62813000
	2008-08-13	28.5	27.76	28.07	27.91	51165200
	2008-08-14	28.28	27.56	27.82	27.91	49732300
	2008-08-15	28.15	27.58	27.98	27.81	47267400
	2008-08-18	28.05	27.55	27.78	27.69	38078200
	2008-08-19	27.75	27.27	27.54	27.32	40332900
	2008-08-20	27.58	27.17	27.54	27.29	41497200
	2008-08-21	27.23	26.86	27.1	27.18	43614200
	2008-08-22	27.88	27.22	27.23	27.84	47930400
	2008-08-25	27.84	27.46	27.61	27.66	51381300
	2008-08-26	27.72	27.17	27.58	27.27	44774400
	2008-08-27	27.79	27.13	27.34	27.56	33975300
	2008-08-28	28.01	27.6	27.61	27.94	48372600
	2008-08-29	27.78	27.29	27.68	27.29	50735500
	2008-09-02	27.76	27.06	27.67	27.1	66079200
	2008-09-03	27.18	26.84	27	26.9	57127700
	2008-09-04	26.89	26.35	26.74	26.35	66141900
	2008-09-05	26.22	25.63	26.03	25.65	82305200
	2008-09-08	26.33	25.67	26.21	26.12	62110800
	2008-09-09	26.6	26.05	26.2	26.1	85735700
	2008-09-10	26.86	26.25	26.52	26.44	75064900
	2008-09-11	27.46	26.03	26.1	27.34	72913300
	2008-09-12	27.74	26.94	27.14	27.62	75628500
	2008-09-15	27.49	26.73	26.92	26.82	82349400
	2008-09-16	26.49	25.52	26.09	25.99	111730000
	2008-09-17	25.87	24.5	25.73	24.57	106972000
	2008-09-18	25.35	24.01	24.8	25.26	132291000
	2008-09-19	26.4	23.5	26.37	25.16	134926000
	2008-09-22	26.32	25.32	26.22	25.4	105208000
	2008-09-23	26.17	25.34	25.66	25.44	92181300
	2008-09-24	26.09	25.46	25.58	25.72	80250300
	2008-09-25	26.88	25.74	25.82	26.61	96203500
	2008-09-26	27.56	26.14	26.17	27.4	100744000
	2008-09-29	27.66	25.01	26.94	25.01	134383000
	2008-09-30	26.69	25.54	25.77	26.69	107193000
	2008-10-01	26.99	26.28	26.38	26.48	88957000
	2008-10-02	26.53	25.7	26.18	26.25	93819800
	2008-10-03	27.47	26.24	26.37	26.32	114289000
	2008-10-06	25.99	24.14	25.63	24.91	146375000
	2008-10-07	25.21	23.14	24.98	23.23	145941000
	2008-10-08	24.3	22.5	22.9	23.01	171599000
	2008-10-09	23.91	22.07	23.77	22.3	131949000
	2008-10-10	22.35	20.65	21.79	21.5	228468000
	2008-10-13	25.5	22.63	22.86	25.5	144935000
	2008-10-14	25.73	23.6	25.64	24.1	165675000
	2008-10-15	24.25	22.48	23.78	22.66	113280000
	2008-10-16	24.19	21.31	22.94	24.19	161148000
	2008-10-17	25.11	23.31	23.57	23.93	133673000
	2008-10-20	24.75	23.01	24.2	24.72	93484300
	2008-10-21	25.01	23.27	24.3	23.36	100386000
	2008-10-22	23.06	20.9	23.04	21.53	150055000
	2008-10-23	22.59	20.89	21.55	22.32	154774000
	2008-10-24	22.86	20.95	21.06	21.96	153920000
	2008-10-27	21.96	21.02	21.67	21.18	117684000
	2008-10-28	23.21	21.34	21.64	23.1	134089000
	2008-10-29	23.97	22.7	23.13	23	111702000
	2008-10-30	23.88	22.39	23.69	22.63	95323000
	2008-10-31	22.91	22.12	22.53	22.33	93055200
	2008-11-03	22.91	22.21	22.48	22.62	61923500
	2008-11-04	23.66	22.87	23.13	23.53	72123000
	2008-11-05	23.34	22.05	23.33	22.08	81179700
	2008-11-06	22.08	20.86	21.87	20.88	95509700
	2008-11-07	21.54	21	21.32	21.5	71256300
	2008-11-10	21.97	21.19	21.85	21.3	67106800
	2008-11-11	21.3	20.79	21.29	21.2	78014500
	2008-11-12	21	20.28	20.89	20.3	90162300
	2008-11-13	21.25	18.74	20.15	21.25	148414000
	2008-11-14	21.34	19.65	20.56	20.06	96624500
	2008-11-17	20.24	19.15	19.74	19.32	97289000
	2008-11-18	19.66	18.75	19.5	19.62	108966000
	2008-11-19	19.95	18.25	19.63	18.29	103010000
	2008-11-20	18.84	17.5	18.12	17.53	139533000
	2008-11-21	19.7	17.98	18.02	19.68	157232000
	2008-11-24	20.94	19.87	19.89	20.69	125290000
	2008-11-25	20.93	19.55	20.86	19.99	92948100
	2008-11-26	20.68	19.73	19.73	20.49	79678300
	2008-11-28	20.31	20.02	20.23	20.22	28650800
	2008-12-01	19.95	18.6	19.88	18.61	79639900
	2008-12-02	19.31	18.56	18.99	19.15	79689800
	2008-12-03	19.9	18.6	18.65	19.87	80961500
	2008-12-04	19.92	18.79	19.4	19.11	78719200
	2008-12-05	19.98	18.47	18.91	19.87	91996200
	2008-12-08	21.25	20.14	20.35	21.01	107225000
	2008-12-09	21.25	20.46	20.62	20.6	80484900
	2008-12-10	20.96	20.3	20.82	20.61	61499000
	2008-12-11	20.12	19.31	20.11	19.45	83564300
	2008-12-12	19.85	18.7	19.15	19.36	78112600
	2008-12-15	19.44	18.89	19.34	19.04	59925900
	2008-12-16	20.18	19	19.21	20.11	97688700
	2008-12-17	20.05	19.5	19.81	19.66	78922700
	2008-12-18	20.02	18.99	19.86	19.3	80759200
	2008-12-19	19.8	19.11	19.42	19.12	113530000
	2008-12-22	19.29	18.89	19.24	19.18	58575400
	2008-12-23	19.57	19.01	19.28	19.28	47511400
	2008-12-24	19.45	19.1	19.26	19.17	16880400
	2008-12-26	19.33	19.09	19.2	19.13	23101000
	2008-12-29	19.21	18.64	19.15	18.96	58512800
	2008-12-30	19.49	19	19.01	19.34	43224100
	2008-12-31	19.68	19.27	19.31	19.44	46419000
	2009-01-02	20.4	19.37	19.53	20.33	50084000
	2009-01-05	20.67	20.06	20.2	20.52	61475200
	2009-01-06	21	20.61	20.75	20.76	58083400
	2009-01-07	20.29	19.48	20.19	19.51	72709900
	2009-01-08	20.19	19.55	19.63	20.12	70255400
	2009-01-09	20.3	19.41	20.17	19.52	49815300
	2009-01-12	19.79	19.3	19.71	19.47	52163500
	2009-01-13	19.99	19.52	19.52	19.82	65843500
	2009-01-14	19.68	19.01	19.53	19.09	80257500
	2009-01-15	19.3	18.52	19.07	19.24	96169800
	2009-01-16	19.91	19.15	19.63	19.71	79634100
	2009-01-20	19.62	18.37	19.46	18.48	89873000
	2009-01-21	19.45	18.46	18.87	19.38	68340900
	2009-01-22	18.18	17.07	18.05	17.11	222437000
	2009-01-23	17.49	16.75	16.97	17.2	117021000
	2009-01-26	17.81	17.23	17.29	17.63	92476500
	2009-01-27	17.97	17.43	17.78	17.66	61695000
	2009-01-28	18.31	17.76	17.8	18.04	64145500
	2009-01-29	17.96	17.56	17.78	17.59	49192800
	2009-01-30	17.79	17.1	17.74	17.1	62370900
	2009-02-02	18.13	17	17.03	17.83	88871700
	2009-02-03	18.61	17.6	17.85	18.5	86865100
	2009-02-04	19	18.5	18.54	18.63	75618000
	2009-02-05	19.14	18.25	18.51	19.04	75195200
	2009-02-06	19.93	19.06	19.16	19.66	86746000
	2009-02-09	19.77	19.26	19.64	19.44	52196400
	2009-02-10	19.8	18.7	19.25	18.8	83953200
	2009-02-11	19.49	18.92	18.94	19.21	58599000
	2009-02-12	19.32	18.54	18.97	19.26	75323200
	2009-02-13	19.47	19.04	19.27	19.09	47416000
	2009-02-17	18.5	17.89	18.49	18.09	75853300
	2009-02-18	18.45	18	18.22	18.12	54946900
	2009-02-19	18.38	17.81	18.3	17.91	49195600
	2009-02-20	18.19	17.66	17.77	18	69413800
	2009-02-23	18.15	17.16	18.02	17.21	70803400
	2009-02-24	17.35	16.36	17.03	17.17	122674000
	2009-02-25	17.24	16.46	17.01	16.96	105895000
	2009-02-26	17.08	16.42	17.05	16.42	83219500
	2009-02-27	16.52	16.1	16.29	16.15	93428000
	2009-03-02	16.25	15.72	15.96	15.79	80602100
	2009-03-03	16.24	15.64	16.03	15.88	80476600
	2009-03-04	16.4	15.89	16.12	16.12	69285100
	2009-03-05	15.88	15.27	15.86	15.27	89708500
	2009-03-06	15.62	14.87	15.35	15.28	92821400
	2009-03-09	15.74	15.1	15.2	15.15	66479100
	2009-03-10	16.62	15.25	15.37	16.48	95184200
	2009-03-11	17.2	16.43	16.63	17.11	84522200
	2009-03-12	17.04	16.48	17.01	17.01	93694100
	2009-03-13	17.05	16.18	16.98	16.65	82965800
	2009-03-16	16.96	16.24	16.82	16.25	67028900
	2009-03-17	16.9	16.26	16.32	16.9	62481000
	2009-03-18	17.22	16.6	17.03	16.96	70710700
	2009-03-19	17.45	16.92	17.37	17.14	58994600
	2009-03-20	17.65	16.88	17.32	17.06	81725500
	2009-03-23	18.59	17.31	17.37	18.33	71600000
	2009-03-24	18.21	17.84	18.04	17.93	50044100
	2009-03-25	18.31	17.52	17.98	17.88	73927100
	2009-03-26	18.88	18.12	18.17	18.83	63775100
	2009-03-27	18.62	18.05	18.54	18.13	47670400
	2009-03-30	17.76	17.27	17.74	17.48	49633000
	2009-03-31	18.79	17.78	17.83	18.37	92423300
	2009-04-01	19.36	18.18	18.23	19.31	96438900
	2009-04-02	19.89	19	19.5	19.29	99082300
	2009-04-03	19.15	18.43	19.13	18.75	81858400
	2009-04-06	18.76	18.27	18.54	18.76	47476100
	2009-04-07	19.14	18.63	18.76	18.76	65815200
	2009-04-08	19.62	18.96	18.97	19.19	56408900
	2009-04-09	19.7	19.22	19.45	19.67	55759600
	2009-04-13	19.85	19.37	19.69	19.59	44444700
	2009-04-14	19.55	19	19.44	19.35	63796300
	2009-04-15	19.25	18.51	19.21	18.83	72725500
	2009-04-16	19.78	18.99	19.16	19.76	67688700
	2009-04-17	19.69	19	19.69	19.2	61398500
	2009-04-20	18.95	18.57	18.89	18.61	62937200
	2009-04-21	19.08	18.57	18.59	18.97	60928300
	2009-04-22	19.19	18.7	18.76	18.78	59401000
	2009-04-23	18.94	18.47	18.92	18.92	86116300
	2009-04-24	21.2	19.5	19.82	20.91	168478000
	2009-04-27	20.82	20.28	20.55	20.4	68219600
	2009-04-28	20.27	19.79	20.25	19.93	76685200
	2009-04-29	20.89	20.06	20.11	20.25	79301600
	2009-04-30	21.1	20.01	20.6	20.26	87439900
	2009-05-01	20.35	19.86	20.19	20.24	63224500
	2009-05-04	20.4	19.98	20.37	20.19	54313400
	2009-05-05	20.24	19.64	20.14	19.79	66835500
	2009-05-06	20.07	19.61	20.06	19.79	59639100
	2009-05-07	19.99	19.14	19.96	19.32	68727200
	2009-05-08	19.64	19.14	19.46	19.42	67597600
	2009-05-11	19.73	19.01	19.2	19.32	63762600
	2009-05-12	20.06	19.47	19.51	19.89	71966800
	2009-05-13	20	19.67	19.92	19.75	49281700
	2009-05-14	20.23	19.8	19.83	20.06	54539500
	2009-05-15	20.5	19.98	20.13	20.22	61289900
	2009-05-18	20.6	20.24	20.36	20.6	46073800
	2009-05-19	20.74	20.25	20.51	20.31	51368300
	2009-05-20	20.69	20.22	20.41	20.38	47450700
	2009-05-21	20.23	19.51	20.14	19.82	58232800
	2009-05-22	20.17	19.47	19.93	19.75	37318700
	2009-05-26	20.45	19.45	19.54	20.34	44991700
	2009-05-27	20.6	20.07	20.25	20.13	42892900
	2009-05-28	20.63	20.05	20.32	20.45	45480800
	2009-05-29	20.94	20.3	20.56	20.89	46134900
	2009-06-01	21.5	20.86	21	21.4	57317100
	2009-06-02	21.98	21.2	21.36	21.4	48935700
	2009-06-03	21.76	21.29	21.31	21.73	56039600
	2009-06-04	21.9	21.58	21.77	21.83	42330000
	2009-06-05	22.31	21.81	21.96	22.14	59579200
	2009-06-08	22.32	21.63	21.98	22.05	49000600
	2009-06-09	22.32	21.88	22.06	22.08	50887700
	2009-06-10	22.62	22.12	22.17	22.55	61297200
	2009-06-11	23.26	22.57	22.59	22.83	65124600
	2009-06-12	23.38	22.74	22.9	23.33	50963500
	2009-06-15	23.54	23.02	23.23	23.42	69089600
	2009-06-16	24.11	23.44	23.47	23.45	105296000
	2009-06-17	23.82	23.17	23.5	23.68	86483100
	2009-06-18	23.69	23.3	23.62	23.5	58852200
	2009-06-19	24.34	23.75	24.04	24.07	115459000
	2009-06-22	23.95	23.25	23.95	23.28	71291600
	2009-06-23	23.66	23.21	23.38	23.34	56752700
	2009-06-24	23.75	23.36	23.45	23.47	54287700
	2009-06-25	23.92	23.2	23.43	23.79	57724300
	2009-06-26	23.69	23.32	23.57	23.35	65126400
	2009-06-29	24.03	23.55	23.6	23.86	62854900
	2009-06-30	24.24	23.63	23.97	23.77	66452400
	2009-07-01	24.3	23.96	24.05	24.04	54908400
	2009-07-02	24.04	23.21	23.76	23.37	65422200
	2009-07-06	23.28	22.87	23.21	23.2	49207700
	2009-07-07	23.14	22.46	23.08	22.53	52842500
	2009-07-08	22.69	22	22.31	22.56	73023400
	2009-07-09	22.81	22.37	22.65	22.44	46981200
	2009-07-10	22.54	22.15	22.19	22.39	43229200
	2009-07-13	23.29	22.14	22.42	23.23	67584000
	2009-07-14	23.22	22.86	23.2	23.11	45448700
	2009-07-15	24.12	23.56	23.75	24.12	67238700
	2009-07-16	24.44	23.86	23.93	24.44	64555100
	2009-07-17	24.45	24.1	24.4	24.29	52860100
	2009-07-20	24.53	24.15	24.44	24.53	47798000
	2009-07-21	24.83	24.37	24.69	24.83	52028400
	2009-07-22	24.9	24.51	24.7	24.8	66192500
	2009-07-23	25.72	24.84	24.93	25.56	106060000
	2009-07-24	23.89	22.81	23.61	23.45	215136000
	2009-07-27	23.45	22.9	23.44	23.11	80950000
	2009-07-28	23.55	22.9	22.99	23.47	70288400
	2009-07-29	23.91	23.34	23.73	23.8	73626900
	2009-07-30	24.43	23.71	24.2	23.81	67820000
	2009-07-31	24.07	23.5	23.77	23.52	54258200
	2009-08-03	23.86	23.5	23.82	23.83	46902900
	2009-08-04	23.79	23.53	23.68	23.77	49218300
	2009-08-05	24.25	23.79	23.84	23.81	53310300
	2009-08-06	23.98	23.27	23.93	23.46	59686000
	2009-08-07	23.82	23.5	23.75	23.56	46169700
	2009-08-10	23.55	23.3	23.46	23.42	35261900
	2009-08-11	23.4	23.05	23.32	23.13	33615800
	2009-08-12	23.9	23.03	23.13	23.53	61972300
	2009-08-13	23.85	23.4	23.63	23.62	38954500
	2009-08-14	23.8	23.51	23.62	23.69	46330200
	2009-08-17	23.6	23.23	23.32	23.25	42474400
	2009-08-18	23.65	23.27	23.29	23.58	38878900
	2009-08-19	23.72	23.25	23.25	23.65	41821300
	2009-08-20	23.87	23.54	23.6	23.67	39505900
	2009-08-21	24.42	23.77	23.93	24.41	69011400
	2009-08-24	24.73	24.28	24.41	24.64	54180900
	2009-08-25	24.82	24.46	24.6	24.64	43980300
	2009-08-26	24.75	24.42	24.59	24.55	41079000
	2009-08-27	24.78	24.3	24.41	24.69	45495600
	2009-08-28	25.49	24.61	25.07	24.68	55808000
	2009-08-31	24.85	24.29	24.57	24.65	49592800
	2009-09-01	24.74	23.9	24.35	24	62608500
	2009-09-02	24.14	23.78	23.82	23.86	40771300
	2009-09-03	24.14	23.76	23.91	24.11	34120000
	2009-09-04	24.8	24.08	24.09	24.62	44999700
	2009-09-08	24.84	24.41	24.62	24.82	53737100
	2009-09-09	24.95	24.67	24.74	24.78	49900300
	2009-09-10	25.05	24.65	24.8	25	46256000
	2009-09-11	25.17	24.81	24.93	24.86	54303500
	2009-09-14	25.09	24.64	24.65	25	42806800
	2009-09-15	25.27	24.86	24.97	25.2	44716600
	2009-09-16	25.35	24.95	25.25	25.2	50055800
	2009-09-17	25.38	25.06	25.06	25.3	42428800
	2009-09-18	25.48	25.1	25.46	25.26	68016500
	2009-09-21	25.37	25.1	25.11	25.3	28878700
	2009-09-22	25.82	25.29	25.4	25.77	61376700
	2009-09-23	26.25	25.64	25.92	25.71	60599900
	2009-09-24	26.11	25.66	25.92	25.94	56302900
	2009-09-25	25.82	25.52	25.69	25.55	50158900
	2009-09-28	26.16	25.6	25.6	25.83	44358000
	2009-09-29	25.96	25.69	25.91	25.75	39050300
	2009-09-30	25.99	25.38	25.76	25.72	63533400
	2009-10-01	25.47	24.8	25.41	24.88	75958100
	2009-10-02	25.09	24.43	24.46	24.96	51219700
	2009-10-05	25.06	24.52	24.98	24.64	60804900
	2009-10-06	25.21	24.66	24.68	25.11	48795300
	2009-10-07	25.18	24.88	24.99	25.1	38472700
	2009-10-08	25.9	25.22	25.44	25.67	60521300
	2009-10-09	25.79	25.46	25.57	25.55	39520000
	2009-10-12	25.89	25.55	25.66	25.72	29145800
	2009-10-13	25.94	25.52	25.59	25.81	37749000
	2009-10-14	26.2	25.82	26.14	25.96	45365500
	2009-10-15	26.71	25.9	25.9	26.71	65620100
	2009-10-16	26.63	26.1	26.45	26.5	56500900
	2009-10-19	26.58	26.25	26.49	26.36	48143200
	2009-10-20	26.51	25.94	26.42	26.37	54604700
	2009-10-21	26.75	26.39	26.46	26.58	61672700
	2009-10-22	26.72	26.13	26.56	26.59	61600000
	2009-10-23	29.35	27.88	29.2	28.02	281761000
	2009-10-26	29.02	28.11	28.13	28.68	124150000
	2009-10-27	28.88	28.44	28.73	28.59	69685800
	2009-10-28	28.77	27.95	28.24	28.02	73542400
	2009-10-29	28.41	27.85	28.07	28.22	65225500
	2009-10-30	28.4	27.66	28.03	27.73	73371800
	2009-11-02	28.05	27.41	27.7	27.88	62428900
	2009-11-03	27.74	27.43	27.64	27.53	50294800
	2009-11-04	28.39	27.62	27.69	28.06	63898400
	2009-11-05	28.74	28.28	28.52	28.47	52681700
	2009-11-06	28.63	28.2	28.38	28.52	38908500
	2009-11-09	29	28.53	28.62	28.99	57518000
	2009-11-10	29.28	28.81	28.9	29.01	65881100
	2009-11-11	29.3	29.02	29.08	29.12	49693400
	2009-11-12	29.49	29	29.01	29.36	55352400
	2009-11-13	29.79	29.37	29.47	29.63	53037600
	2009-11-16	29.8	29.37	29.61	29.54	54129500
	2009-11-17	30	29.47	29.5	30	75648900
	2009-11-18	30.14	29.81	30	30.11	59431200
	2009-11-19	30	29.7	29.99	29.78	51967700
	2009-11-20	29.77	29.43	29.66	29.62	42647100
	2009-11-23	30.01	29.7	29.84	29.94	41832700
	2009-11-24	29.99	29.75	29.95	29.91	37341400
	2009-11-25	29.86	29.58	29.81	29.79	32033500
	2009-11-27	29.39	28.75	29.11	29.22	29357900
	2009-11-30	29.45	29	29.15	29.41	44172000
	2009-12-01	30.05	29.41	29.52	30.01	49904200
	2009-12-02	29.99	29.65	29.9	29.78	36308600
	2009-12-03	30.2	29.76	29.84	29.83	43095200
	2009-12-04	30.37	29.83	30.05	29.98	58810700
	2009-12-07	30.08	29.68	29.78	29.79	38082700
	2009-12-08	29.74	29.38	29.52	29.57	37402200
	2009-12-09	29.81	29.25	29.47	29.71	44713300
	2009-12-10	29.96	29.66	29.71	29.87	45940200
	2009-12-11	30	29.79	29.97	29.85	43744200
	2009-12-14	30.16	29.9	29.91	30.11	34651200
	2009-12-15	30.21	29.88	29.89	30.02	49473200
	2009-12-16	30.41	30.04	30.07	30.1	55737800
	2009-12-17	29.96	29.57	29.95	29.6	43691200
	2009-12-18	30.45	29.8	29.84	30.36	94118000
	2009-12-21	30.84	30.37	30.4	30.52	40129100
	2009-12-22	30.93	30.54	30.6	30.82	36321000
	2009-12-23	30.95	30.69	30.71	30.92	28362700
	2009-12-24	31	30.76	30.88	31	11083900
	2009-12-28	31.18	30.89	31	31.17	25384000
	2009-12-29	31.5	31.23	31.35	31.39	29716200
	2009-12-30	31.29	30.8	31.15	30.96	42006200
	2009-12-31	30.99	30.48	30.98	30.48	31929700
	2010-01-04	31.1	30.59	30.62	30.95	38409100
	2010-01-05	31.1	30.64	30.85	30.96	49749600
	2010-01-06	31.08	30.52	30.88	30.77	58182400
	2010-01-07	30.7	30.19	30.63	30.45	50559700
	2010-01-08	30.88	30.24	30.28	30.66	51197400
	2010-01-11	30.76	30.12	30.71	30.27	68754700
	2010-01-12	30.4	29.91	30.15	30.07	65912100
	2010-01-13	30.52	30.01	30.26	30.35	51863500
	2010-01-14	31.1	30.26	30.31	30.96	63228100
	2010-01-15	31.24	30.71	31.08	30.86	79913200
	2010-01-19	31.24	30.68	30.75	31.1	46575700
	2010-01-20	30.94	30.31	30.81	30.59	54849500
	2010-01-21	30.72	30	30.61	30.01	73086700
	2010-01-22	30.2	28.84	30	28.96	102005000
	2010-01-25	29.66	29.1	29.24	29.32	63373000
	2010-01-26	29.85	29.09	29.2	29.5	66639900
	2010-01-27	29.82	29.02	29.35	29.67	63949500
	2010-01-28	29.87	28.89	29.84	29.16	117514000
	2010-01-29	29.92	27.66	29.9	28.18	193888000
	2010-02-01	28.48	27.92	28.39	28.41	85931100
	2010-02-02	28.5	28.14	28.37	28.46	54413700
	2010-02-03	28.79	28.12	28.26	28.63	61397900
	2010-02-04	28.5	27.81	28.38	27.84	77850000
	2010-02-05	28.28	27.57	28	28.02	80960100
	2010-02-08	28.08	27.57	28.01	27.72	52820600
	2010-02-09	28.34	27.75	27.97	28.01	59195800
	2010-02-10	28.24	27.84	28.03	27.99	48591300
	2010-02-11	28.4	27.7	27.93	28.12	65993700
	2010-02-12	28.06	27.58	27.81	27.93	81117200
	2010-02-16	28.37	28.02	28.13	28.35	51935600
	2010-02-17	28.65	28.36	28.53	28.59	45882900
	2010-02-18	29.03	28.51	28.59	28.97	42856500
	2010-02-19	28.92	28.69	28.79	28.77	44451800
	2010-02-22	28.94	28.65	28.84	28.73	36707100
	2010-02-23	28.83	28.09	28.68	28.33	52266200
	2010-02-24	28.79	28.38	28.52	28.63	43165900
	2010-02-25	28.65	28.02	28.27	28.6	48735300
	2010-02-26	28.85	28.51	28.65	28.67	40370600
	2010-03-01	29.05	28.53	28.77	29.02	43805400
	2010-03-02	29.3	28.24	29.08	28.46	93123900
	2010-03-03	28.61	28.35	28.51	28.46	48442100
	2010-03-04	28.65	28.27	28.46	28.63	42890600
	2010-03-05	28.68	28.42	28.66	28.59	56001800
	2010-03-08	28.93	28.5	28.52	28.63	39414500
	2010-03-09	29.11	28.55	28.56	28.8	50271600
	2010-03-10	29.11	28.8	28.86	28.97	44891400
	2010-03-11	29.19	28.85	28.89	29.18	35349700
	2010-03-12	29.38	29.04	29.32	29.27	31700200
	2010-03-15	29.37	29.01	29.18	29.29	37512000
	2010-03-16	29.49	29.2	29.42	29.37	36723500
	2010-03-17	29.87	29.4	29.5	29.63	50385700
	2010-03-18	29.72	29.5	29.63	29.61	43845200
	2010-03-19	29.9	29.35	29.76	29.59	81332100
	2010-03-22	29.7	29.39	29.5	29.6	37718200
	2010-03-23	29.9	29.41	29.59	29.88	42026600
	2010-03-24	29.85	29.6	29.72	29.65	33987700
	2010-03-25	30.57	29.8	29.83	30.01	73168700
	2010-03-26	30.2	29.59	30.09	29.66	55595500
	2010-03-29	29.82	29.55	29.71	29.59	33336000
	2010-03-30	29.86	29.5	29.63	29.77	34954800
	2010-03-31	29.72	29.17	29.64	29.29	63760000
	2010-04-01	29.54	28.62	29.35	29.16	74768100
	2010-04-05	29.43	29.03	29.13	29.27	34331200
	2010-04-06	29.58	28.98	29.15	29.32	47366800
	2010-04-07	29.56	29.14	29.16	29.35	58318800
	2010-04-08	29.98	29.3	29.32	29.92	63713800
	2010-04-09	30.41	29.9	29.95	30.34	54752500
	2010-04-12	30.49	30.21	30.25	30.32	37068800
	2010-04-13	30.5	30.13	30.15	30.45	41374600
	2010-04-14	31	30.66	30.79	30.82	68941200
	2010-04-15	30.95	30.71	30.82	30.87	52745400
	2010-04-16	30.98	30.6	30.79	30.67	88703100
	2010-04-19	31.25	30.76	30.77	31.04	64970300
	2010-04-20	31.44	31.13	31.22	31.36	52199500
	2010-04-21	31.5	31.23	31.33	31.33	55343100
	2010-04-22	31.53	30.9	31.04	31.39	84847600
	2010-04-23	31.58	30.65	31.12	30.96	126767000
	2010-04-26	31.28	30.86	31	31.11	63649300
	2010-04-27	31.25	30.75	30.95	30.85	68730900
	2010-04-28	31	30.62	30.92	30.91	64557900
	2010-04-29	31.43	30.67	30.93	31	52665200
	2010-04-30	31.08	30.52	31.07	30.54	63214800
	2010-05-03	31.06	30.58	30.67	30.86	43989500
	2010-05-04	30.55	29.75	30.52	30.13	82085600
	2010-05-05	30.09	29.69	29.77	29.85	66833800
	2010-05-06	29.88	27.91	29.59	28.98	128613000
	2010-05-07	28.95	27.32	28.93	28.21	173718000
	2010-05-10	29.48	28.71	29.01	28.94	86653300
	2010-05-11	29.65	28.57	28.68	28.88	63789400
	2010-05-12	29.58	28.92	28.98	29.44	47146800
	2010-05-13	29.73	29.18	29.26	29.24	45188800
	2010-05-14	29.21	28.64	29.2	28.93	63334000
	2010-05-17	29.23	28.45	29.12	28.94	46053300
	2010-05-18	29	28.4	28.87	28.6	52690600
	2010-05-19	28.69	27.79	28.52	28.24	61746700
	2010-05-20	27.84	27.04	27.65	27.11	87991100
	2010-05-21	27.11	26.44	26.63	26.84	117596000
	2010-05-24	26.86	26.26	26.85	26.27	73711700
	2010-05-25	26.33	25.38	25.65	26.07	98373600
	2010-05-26	26.61	24.56	26.23	25.01	176684000
	2010-05-27	26.36	25.73	25.73	26	136434000
	2010-05-28	26.12	25.66	25.84	25.8	67496900
	2010-06-01	26.31	25.52	25.53	25.89	76152400
	2010-06-02	26.48	25.73	26.06	26.46	65718800
	2010-06-03	26.93	26.41	26.55	26.86	67837000
	2010-06-04	26.57	25.62	26.1	25.79	89832200
	2010-06-07	25.83	25.24	25.82	25.29	80456200
	2010-06-08	25.26	24.65	25.25	25.11	87355000
	2010-06-09	25.52	24.75	25.22	24.79	87794000
	2010-06-10	25.15	24.78	25.13	25	78930900
	2010-06-11	25.72	24.77	25.04	25.66	68057700
	2010-06-14	25.96	25.47	25.86	25.5	50972400
	2010-06-15	26.65	25.74	25.75	26.58	81641500
	2010-06-16	26.58	26.23	26.47	26.32	48698000
	2010-06-17	26.67	26.04	26.56	26.37	47995500
	2010-06-18	26.53	26.17	26.37	26.44	52075600
	2010-06-21	26.89	25.89	26.78	25.95	54625300
	2010-06-22	26.45	25.76	26.16	25.77	55985400
	2010-06-23	25.78	25.22	25.78	25.31	61466200
	2010-06-24	25.72	24.93	25.46	25	85243400
	2010-06-25	25.11	24.31	25.05	24.53	156257000
	2010-06-28	24.61	24.12	24.51	24.31	73784800
	2010-06-29	24.2	23.11	24.13	23.31	119882000
	2010-06-30	23.68	22.95	23.3	23.01	81050500
	2010-07-01	23.32	22.73	23.09	23.16	92239400
	2010-07-02	23.48	23.05	23.36	23.27	62485100
	2010-07-06	24.09	23.58	23.7	23.82	73592000
	2010-07-07	24.32	23.61	23.82	24.3	79965300
	2010-07-08	24.62	23.97	24.6	24.41	50758100
	2010-07-09	24.41	24.15	24.33	24.27	53806100
	2010-07-12	24.89	24.42	24.43	24.83	49854200
	2010-07-13	25.3	24.9	25.14	25.13	61928700
	2010-07-14	25.61	25.12	25.5	25.44	72808100
	2010-07-15	25.59	24.98	25.5	25.51	56934700
	2010-07-16	25.64	24.88	25.51	24.89	65064800
	2010-07-19	25.3	24.91	24.96	25.23	38181800
	2010-07-20	25.48	24.7	24.86	25.48	45530700
	2010-07-21	25.65	24.98	25.6	25.12	73297300
	2010-07-22	25.99	25.47	25.51	25.84	73016400
	2010-07-23	26.02	25.25	25.84	25.81	108520000
	2010-07-26	26.2	25.8	25.86	26.1	67249900
	2010-07-27	26.24	25.96	26.14	26.16	60672100
	2010-07-28	26.19	25.83	26.07	25.95	69704800
	2010-07-29	26.41	25.6	26.13	26.03	69446200
	2010-07-30	25.84	25.35	25.75	25.81	83534800
	2010-08-02	26.38	25.75	25.99	26.33	55044600
	2010-08-03	26.35	25.97	26.2	26.16	56877700
	2010-08-04	26.24	25.44	26.15	25.73	78531900
	2010-08-05	25.58	25.21	25.49	25.37	64922100
	2010-08-06	25.56	25.02	25.18	25.55	55982100
	2010-08-09	25.73	25.37	25.55	25.61	57096500
	2010-08-10	25.34	24.88	25.33	25.07	87257700
	2010-08-11	24.9	24.56	24.68	24.86	76746900
	2010-08-12	24.68	24.36	24.42	24.49	70240500
	2010-08-13	24.67	24.24	24.35	24.4	45263500
	2010-08-16	24.61	24.3	24.36	24.5	40909700
	2010-08-17	24.96	24.6	24.71	24.71	52912600
	2010-08-18	24.95	24.41	24.68	24.82	46818900
	2010-08-19	24.74	24.21	24.62	24.44	54064600
	2010-08-20	24.4	24.2	24.31	24.23	49560100
	2010-08-23	24.64	24.24	24.44	24.28	51643000
	2010-08-24	24.35	24	24.09	24.04	66522500
	2010-08-25	24.22	23.87	24	24.1	47404800
	2010-08-26	24.19	23.79	24.09	23.82	49105300
	2010-08-27	24.02	23.51	23.88	23.93	60939400
	2010-08-30	23.82	23.6	23.74	23.64	45453100
	2010-08-31	23.73	23.32	23.6	23.47	66074600
	2010-09-01	23.95	23.54	23.67	23.9	65235900
	2010-09-02	23.95	23.71	23.88	23.94	48837100
	2010-09-03	24.45	24.2	24.24	24.29	64189100
	2010-09-07	24.3	23.92	24.1	23.96	51928700
	2010-09-08	24.2	23.74	24.07	23.93	65512400
	2010-09-09	24.21	23.99	24.19	24.01	46028900
	2010-09-10	24.03	23.79	23.98	23.85	58284300
	2010-09-13	25.29	24.09	24.2	25.11	114680000
	2010-09-14	25.35	24.89	25.04	25.03	87160400
	2010-09-15	25.22	24.92	25.1	25.12	56201900
	2010-09-16	25.37	25.05	25.06	25.33	44548300
	2010-09-17	25.53	25.08	25.4	25.22	70341600
	2010-09-20	25.52	25.11	25.28	25.43	49838700
	2010-09-21	25.42	25.08	25.42	25.15	52675700
	2010-09-22	24.97	24.36	24.89	24.61	94299400
	2010-09-23	24.59	24.36	24.51	24.43	46201800
	2010-09-24	24.8	24.58	24.64	24.78	51948800
	2010-09-27	24.99	24.59	24.85	24.73	43603300
	2010-09-28	24.9	24.35	24.8	24.68	56041200
	2010-09-29	24.66	24.4	24.63	24.5	44318900
	2010-09-30	24.83	24.36	24.61	24.49	61262700
	2010-10-01	24.82	24.3	24.77	24.38	62672300
	2010-10-04	23.99	23.78	23.96	23.91	98143400
	2010-10-05	24.45	23.91	24.06	24.35	78152900
	2010-10-06	24.54	24.13	24.32	24.43	50489700
	2010-10-07	24.75	24.28	24.62	24.53	50096100
	2010-10-08	24.65	24.37	24.62	24.57	41327800
	2010-10-11	24.74	24.5	24.74	24.59	27587800
	2010-10-12	24.93	24.43	24.65	24.83	50141500
	2010-10-13	25.54	24.89	25.02	25.34	75336500
	2010-10-14	25.34	25	25.29	25.23	51949100
	2010-10-15	25.55	25.23	25.36	25.54	68954800
	2010-10-18	25.95	25.45	25.59	25.82	48330500
	2010-10-19	25.37	24.95	25.27	25.1	66150900
	2010-10-20	25.4	25.1	25.26	25.31	56283600
	2010-10-21	25.54	25.05	25.4	25.42	50032400
	2010-10-22	25.54	25.27	25.52	25.38	25837900
	2010-10-25	25.35	25.17	25.24	25.19	50912400
	2010-10-26	25.97	25.06	25.12	25.9	69304200
	2010-10-27	26.11	25.62	25.79	26.05	64805500
	2010-10-28	26.38	25.92	26.21	26.28	80730300
	2010-10-29	27.2	26.48	27.15	26.67	114193000
	2010-11-01	27.22	26.7	26.88	26.95	61912100
	2010-11-02	27.42	27.02	27.06	27.39	54402100
	2010-11-03	27.49	26.96	27.46	27.03	110255000
	2010-11-04	27.43	27.01	27.41	27.14	93599300
	2010-11-05	27.19	26.53	27.17	26.85	110954000
	2010-11-08	28.87	26.58	26.68	26.81	71670800
	2010-11-09	27.11	26.71	26.81	26.95	58538600
	2010-11-10	27.08	26.81	27.01	26.94	52277300
	2010-11-11	26.72	26.28	26.68	26.68	62073100
	2010-11-12	26.52	26.1	26.47	26.27	64962200
	2010-11-15	26.5	26.17	26.33	26.2	51794600
	2010-11-16	26.04	25.65	26.04	25.81	65339200
	2010-11-17	25.91	25.55	25.9	25.57	58299700
	2010-11-18	26.08	25.61	25.71	25.84	59514000
	2010-11-19	25.83	25.6	25.8	25.69	52423200
	2010-11-22	25.74	25.44	25.65	25.73	53350500
	2010-11-23	25.6	25.09	25.57	25.12	69742500
	2010-11-24	25.46	25.16	25.2	25.37	56825900
	2010-11-26	25.41	25.17	25.21	25.25	21356500
	2010-11-29	25.42	24.93	25.19	25.31	56603600
	2010-11-30	25.47	25	25.05	25.26	75282100
	2010-12-01	26.25	25.56	25.57	26.04	74123500
	2010-12-02	26.98	26.2	26.24	26.89	91759200
	2010-12-03	27.06	26.78	26.81	27.02	52622000
	2010-12-06	26.98	26.76	26.93	26.84	36264200
	2010-12-07	27.13	26.85	27.08	26.87	57860500
	2010-12-08	27.24	26.8	26.83	27.23	41666800
	2010-12-09	27.34	27.01	27.28	27.08	47148300
	2010-12-10	27.4	27.11	27.19	27.34	37625800
	2010-12-13	27.45	27.17	27.27	27.25	47943900
	2010-12-14	27.75	27.26	27.31	27.62	64070500
	2010-12-15	27.99	27.53	27.53	27.85	69634200
	2010-12-16	27.99	27.66	27.76	27.99	57680200
	2010-12-17	28.09	27.75	27.92	27.9	87456500
	2010-12-20	27.99	27.68	27.95	27.81	52811000
	2010-12-21	28.14	27.76	27.85	28.07	38153000
	2010-12-22	28.4	27.98	28.01	28.19	42252300
	2010-12-23	28.32	27.96	27.97	28.3	24902500
	2010-12-27	28.2	27.88	28.12	28.07	21652800
	2010-12-28	28.17	27.96	27.97	28.01	23042200
	2010-12-29	28.12	27.88	27.94	27.97	19502500
	2010-12-30	28	27.78	27.92	27.85	20786100
	2010-12-31	27.92	27.63	27.8	27.91	24752000
	2011-01-03	28.18	27.92	28.05	27.98	53443800
	2011-01-04	28.17	27.85	27.94	28.09	54405600
	2011-01-05	28.01	27.77	27.9	28	58998700
	2011-01-06	28.85	27.86	28.04	28.82	88026300
	2011-01-07	28.74	28.25	28.64	28.6	73762000
	2011-01-10	28.4	28.04	28.26	28.22	57573600
	2011-01-11	28.25	28.05	28.2	28.11	50298900
	2011-01-12	28.59	28.07	28.12	28.55	52631100
	2011-01-13	28.39	28.01	28.33	28.19	67077600
	2011-01-14	28.38	27.91	28.08	28.3	62688400
	2011-01-18	28.74	28.14	28.16	28.66	53322700
	2011-01-19	28.68	28.27	28.46	28.47	50005900
	2011-01-20	28.55	28.13	28.5	28.35	58613600
	2011-01-21	28.43	28.02	28.4	28.02	58080300
	2011-01-24	28.56	27.99	28.02	28.38	52047800
	2011-01-25	28.45	28.12	28.14	28.45	42436600
	2011-01-26	28.99	28.5	28.51	28.78	74628800
	2011-01-27	29.46	28.49	28.75	28.87	146939000
	2011-01-28	28.93	27.45	28.9	27.75	141249000
	2011-01-31	27.9	27.42	27.77	27.73	65029000
	2011-02-01	28.06	27.61	27.8	27.99	62810700
	2011-02-02	28.11	27.88	27.93	27.94	45824000
	2011-02-03	27.97	27.54	27.97	27.65	60340100
	2011-02-04	27.84	27.51	27.7	27.77	40412200
	2011-02-07	28.34	27.79	27.8	28.2	68980900
	2011-02-08	28.34	28.05	28.1	28.28	34904200
	2011-02-09	28.26	27.91	28.19	27.97	52905100
	2011-02-10	27.94	27.29	27.93	27.5	76672400
	2011-02-11	27.81	27.07	27.76	27.25	83939700
	2011-02-14	27.27	26.95	27.21	27.23	56766200
	2011-02-15	27.33	26.95	27.04	26.96	44116500
	2011-02-16	27.07	26.6	27.05	27.02	70817900
	2011-02-17	27.37	26.91	26.97	27.21	57207300
	2011-02-18	27.21	26.99	27.13	27.06	68667800
	2011-02-22	27.1	26.52	26.78	26.59	60889000
	2011-02-23	26.86	26.43	26.53	26.59	60234100
	2011-02-24	27.06	26.5	26.64	26.77	64494200
	2011-02-25	26.95	26.5	26.91	26.55	53006300
	2011-02-28	26.86	26.51	26.69	26.58	51379900
	2011-03-01	26.78	26.15	26.6	26.16	60055000
	2011-03-02	26.37	26.04	26.11	26.08	48658200
	2011-03-03	26.4	26.18	26.26	26.2	68271500
	2011-03-04	26.24	25.8	26.22	25.95	70437200
	2011-03-07	26.27	25.55	26.13	25.72	64980400
	2011-03-08	26.02	25.65	25.77	25.91	50549800
	2011-03-09	25.98	25.66	25.81	25.89	39789100
	2011-03-10	25.71	25.35	25.62	25.41	66549500
	2011-03-11	25.85	25.36	25.41	25.68	49905800
	2011-03-14	25.76	25.35	25.49	25.69	54473400
	2011-03-15	25.47	25	25.08	25.39	76067300
	2011-03-16	25.28	24.68	25.22	24.79	100725000
	2011-03-17	25.22	24.75	25.06	24.78	62497000
	2011-03-18	25.18	24.8	25.06	24.8	85486700
	2011-03-21	25.58	25.15	25.18	25.33	46878100
	2011-03-22	25.46	25.23	25.3	25.3	30895600
	2011-03-23	25.61	25.18	25.23	25.54	43969000
	2011-03-24	25.87	25.5	25.6	25.81	38696700
	2011-03-25	25.95	25.59	25.93	25.62	57029800
	2011-03-28	25.72	25.38	25.66	25.41	48973200
	2011-03-29	25.52	25.3	25.34	25.49	40763500
	2011-03-30	25.72	25.5	25.6	25.61	41999300
	2011-03-31	25.68	25.34	25.6	25.39	63233700
	2011-04-01	25.53	25.31	25.53	25.48	63114200
	2011-04-04	25.66	25.41	25.45	25.55	35433700
	2011-04-05	26.18	25.74	25.82	25.78	73651100
	2011-04-06	26.31	25.86	25.98	26.15	65581400
	2011-04-07	26.26	25.97	26.19	26.2	46134700
	2011-04-08	26.28	25.96	26.17	26.07	39887600
	2011-04-11	26.25	25.8	26.19	25.98	34286300
	2011-04-12	25.85	25.55	25.83	25.64	36920400
	2011-04-13	25.87	25.56	25.65	25.63	38144700
	2011-04-14	25.44	25.09	25.42	25.42	55239900
	2011-04-15	25.56	25.18	25.46	25.37	65080400
	2011-04-18	25.28	24.72	25.1	25.08	58045100
	2011-04-19	25.17	24.87	25	25.15	38892400
	2011-04-20	26	25.51	25.54	25.76	61608600
	2011-04-21	25.89	25.36	25.79	25.52	46892300
	2011-04-25	25.62	25.34	25.56	25.61	33525100
	2011-04-26	26.44	25.67	25.74	26.19	69200000
	2011-04-27	26.39	26.13	26.3	26.38	52689000
	2011-04-28	26.87	26.4	26.46	26.71	80200000
	2011-04-29	26.64	25.36	26.55	25.92	319318000
	2011-05-02	26	25.48	25.94	25.66	89825600
	2011-05-03	25.85	25.49	25.6	25.81	71892900
	2011-05-04	26.25	25.79	25.85	26.06	73292300
	2011-05-05	26.08	25.68	26.05	25.79	55600000
	2011-05-06	26.22	25.75	26.07	25.87	55993000
	2011-05-09	25.96	25.67	25.8	25.83	38696400
	2011-05-10	25.85	25.25	25.38	25.67	120799000
	2011-05-11	25.66	25.21	25.65	25.36	78600000
	2011-05-12	25.39	25.1	25.35	25.32	77400000
	2011-05-13	25.32	24.95	25.28	25.03	66812300
	2011-05-16	25.07	24.5	24.96	24.57	91350900
	2011-05-17	24.7	24.27	24.4	24.52	82882100
	2011-05-18	24.74	24.25	24.53	24.69	53931100
	2011-05-19	24.88	24.5	24.85	24.72	37783600
	2011-05-20	24.87	24.44	24.72	24.49	45451500
	2011-05-23	24.25	24.03	24.21	24.17	52692500
	2011-05-24	24.29	24.04	24.2	24.15	47691800
	2011-05-25	24.31	24.16	24.17	24.19	34904200
	2011-05-26	25.03	24.32	24.35	24.67	78016600
	2011-05-27	24.9	24.65	24.68	24.76	50251000
	2011-05-31	25.06	24.7	24.96	25.01	60196300
	2011-06-01	25.1	24.37	24.99	24.43	74033500
	2011-06-02	24.65	24.18	24.49	24.22	51487800
	2011-06-03	24.14	23.84	24.05	23.91	60697700
	2011-06-06	24.25	23.77	23.89	24.01	54778700
	2011-06-07	24.17	23.9	24.09	24.06	41112600
	2011-06-08	24.02	23.86	23.9	23.94	42205000
	2011-06-09	24.04	23.82	24.01	23.96	42878700
	2011-06-10	24.02	23.69	24.02	23.71	49327200
	2011-06-13	24.19	23.7	23.79	24.04	47572500
	2011-06-14	24.45	24.19	24.3	24.22	42894500
	2011-06-15	24.01	23.67	24	23.74	49410200
	2011-06-16	24.1	23.65	23.75	24	57184100
	2011-06-17	24.3	23.98	24.22	24.26	83320400
	2011-06-20	24.66	24.16	24.17	24.47	54338400
	2011-06-21	24.86	24.4	24.52	24.76	49708700
	2011-06-22	24.81	24.59	24.6	24.65	44287300
	2011-06-23	24.65	24.2	24.44	24.63	59470400
	2011-06-24	24.54	24.19	24.51	24.3	101387000
	2011-06-27	25.46	24.23	24.23	25.2	92044200
	2011-06-28	25.92	25.16	25.3	25.8	81032100
	2011-06-29	25.71	25.36	25.71	25.62	66051000
	2011-06-30	26	25.66	25.74	26	52535400
	2011-07-01	26.17	25.84	25.93	26.02	52906200
	2011-07-05	26.15	25.9	26.1	26.03	37805300
	2011-07-06	26.37	25.96	25.97	26.33	48744200
	2011-07-07	26.88	26.36	26.49	26.77	51946500
	2011-07-08	26.98	26.51	26.54	26.92	58320700
	2011-07-11	26.8	26.49	26.62	26.63	43999800
	2011-07-12	26.79	26.34	26.55	26.54	47319300
	2011-07-13	26.96	26.51	26.6	26.63	40861800
	2011-07-14	27.01	26.36	26.62	26.47	46382300
	2011-07-15	26.93	26.47	26.47	26.78	49132400
	2011-07-18	26.9	26.26	26.63	26.59	44501900
	2011-07-19	27.64	26.78	26.81	27.54	86730600
	2011-07-20	27.35	26.98	27.28	27.06	49795400
	2011-07-21	27.31	26.65	27.04	27.1	81737400
	2011-07-22	27.55	26.68	26.86	27.53	76380600
	2011-07-25	28.09	27.19	27.26	27.91	108482000
	2011-07-26	28.15	27.78	27.82	28.08	74636500
	2011-07-27	27.99	27.2	27.88	27.33	71488700
	2011-07-28	28.07	27.21	27.29	27.72	83761400
	2011-07-29	27.71	27.26	27.52	27.4	104395000
	2011-08-01	27.69	26.75	27.51	27.27	61838400
	2011-08-02	27.45	26.76	26.98	26.8	63883100
	2011-08-03	27	26.48	26.83	26.92	64581200
	2011-08-04	26.87	25.93	26.53	25.94	92949500
	2011-08-05	26.1	25.23	25.97	25.68	112072000
	2011-08-08	25.6	24.39	25.02	24.48	134257000
	2011-08-09	25.62	24.03	24.71	25.58	126269000
	2011-08-10	25.09	24.1	24.95	24.2	127820000
	2011-08-11	25.38	24.4	24.5	25.19	90690100
	2011-08-12	25.34	24.65	25.13	25.1	64787100
	2011-08-15	25.58	25.15	25.24	25.51	56529400
	2011-08-16	25.59	25.05	25.22	25.35	54251500
	2011-08-17	25.7	24.93	25.25	25.25	50923700
	2011-08-18	25.09	24.03	24.57	24.67	105714000
	2011-08-19	24.62	23.91	24.41	24.05	77397900
	2011-08-22	24.49	23.79	24.42	23.98	54721000
	2011-08-23	24.75	24.03	24.03	24.72	59670600
	2011-08-24	24.93	24.42	24.65	24.9	45329700
	2011-08-25	25.16	24.5	25.08	24.57	48192000
	2011-08-26	25.34	24.42	24.51	25.25	71957000
	2011-08-29	25.86	25.37	25.53	25.84	38863200
	2011-08-30	26.43	25.7	25.73	26.23	57341400
	2011-08-31	26.71	26.26	26.29	26.6	59300800
	2011-09-01	26.86	26.21	26.46	26.21	60510800
	2011-09-02	26	25.66	25.78	25.8	43894400
	2011-09-06	25.59	25.11	25.2	25.51	54929300
	2011-09-07	26	25.57	25.69	26	41961000
	2011-09-08	26.66	25.95	26	26.22	65811900
	2011-09-09	26.18	25.5	26	25.74	64529200
	2011-09-12	25.93	25.27	25.44	25.89	55046100
	2011-09-13	26.19	25.81	25.92	26.04	48792300
	2011-09-14	26.8	25.89	26.17	26.5	66739200
	2011-09-15	27.03	26.31	26.73	26.99	67808300
	2011-09-16	27.27	26.83	27.05	27.12	89681500
	2011-09-19	27.31	26.6	26.8	27.21	52324900
	2011-09-20	27.5	26.93	27.31	26.98	49211900
	2011-09-21	27.06	25.97	27.05	25.99	72750700
	2011-09-22	25.65	24.6	25.3	25.06	96278300
	2011-09-23	25.15	24.69	24.9	25.06	64768100
	2011-09-26	25.52	24.73	25.19	25.44	51057600
	2011-09-27	25.92	25.45	25.66	25.67	55620700
	2011-09-28	26.37	25.51	25.93	25.58	60736200
	2011-09-29	26.17	25.09	25.98	25.45	63407300
	2011-09-30	25.5	24.88	25.2	24.89	54060500
	2011-10-03	25.34	24.52	24.72	24.53	64592500
	2011-10-04	25.39	24.26	24.3	25.34	83485400
	2011-10-05	26.16	25.16	25.42	25.89	94061300
	2011-10-06	26.4	25.7	25.9	26.34	55111400
	2011-10-07	26.51	26.2	26.34	26.25	52741600
	2011-10-10	26.97	26.47	26.58	26.94	41815300
	2011-10-11	27.07	26.72	26.86	27	38826200
	2011-10-12	27.31	26.9	27.18	26.96	52489800
	2011-10-13	27.2	26.62	26.76	27.18	43823500
	2011-10-14	27.5	27.02	27.31	27.27	50947700
	2011-10-17	27.42	26.85	27.11	26.98	39453300
	2011-10-18	27.4	26.8	26.94	27.31	52487900
	2011-10-19	27.47	27.01	27.37	27.13	42880000
	2011-10-20	27.34	26.4	27.26	27.04	76300200
	2011-10-21	27.19	26.8	27.15	27.16	76620600
	2011-10-24	27.4	27.04	27.06	27.19	56897800
	2011-10-25	27.23	26.72	27.08	26.81	53554600
	2011-10-26	27.06	26.1	27.03	26.59	63029900
	2011-10-27	27.4	26.65	27.13	27.25	74512400
	2011-10-28	27.19	26.79	27.14	26.98	57712100
	2011-10-31	27	26.62	26.76	26.63	46799000
	2011-11-01	26.32	25.86	26.19	25.99	61182600
	2011-11-02	26.2	25.7	26.1	26.01	53533100
	2011-11-03	26.59	25.98	26.24	26.53	65836100
	2011-11-04	26.4	26	26.38	26.25	36549200
	2011-11-07	26.82	26.13	26.21	26.8	42589700
	2011-11-08	27.2	26.69	27.01	27.16	47822500
	2011-11-09	26.75	26.06	26.59	26.2	62950900
	2011-11-10	26.5	26.12	26.47	26.28	32514400
	2011-11-11	27.08	26.57	26.58	26.91	37903000
	2011-11-14	27	26.65	26.88	26.76	34199200
	2011-11-15	26.94	26.4	26.56	26.74	43874200
	2011-11-16	26.51	26.04	26.47	26.07	53262800
	2011-11-17	26.04	25.44	26.01	25.54	70977500
	2011-11-18	25.5	25.15	25.48	25.3	47626200
	2011-11-21	25.25	24.9	25.24	25	61882500
	2011-11-22	24.96	24.65	24.89	24.79	49204500
	2011-11-23	24.79	24.47	24.61	24.47	49099700
	2011-11-25	24.67	24.3	24.38	24.3	26164600
	2011-11-28	24.97	24.69	24.94	24.87	46766700
	2011-11-29	25.04	24.75	24.82	24.84	40917100
	2011-11-30	25.59	25.14	25.37	25.58	81350900
	2011-12-01	25.63	25.2	25.56	25.28	48545400
	2011-12-02	25.62	25.16	25.59	25.22	52293800
	2011-12-05	25.8	25.5	25.78	25.7	56818400
	2011-12-06	25.87	25.61	25.81	25.66	46175300
	2011-12-07	25.76	25.34	25.67	25.6	62667000
	2011-12-08	25.72	25.37	25.48	25.4	60522200
	2011-12-09	25.87	25.5	25.52	25.7	53788500
	2011-12-12	25.57	25.29	25.41	25.51	38945900
	2011-12-13	26.1	25.65	25.75	25.76	54581100
	2011-12-14	25.86	25.57	25.72	25.59	47926400
	2011-12-15	25.88	25.54	25.72	25.56	46213900
	2011-12-16	26.17	25.63	25.67	26	101408000